DATE: 2026-4-25
TIME: 19-50-53
NUM_CABLES: 4
num_coils: 1
NUM_MEASUREMENTS: 4
---
,0,0,0.0,0.0,-0.0,-0.0,2683,2845,2525,2203,2683,2860,2526,2217,0,-51,0,-43,5000,5000,4900,4900,-41.08,57.79,-234.91,-10.178488964192326,1.745437238722559,61.72213591446098,0.19774366590945264,0.06450355452092414,-0.9781292011011928
,1,0,0.0,0.0,-0.0,-0.0,2683,2845,2525,2203,2683,2857,2526,2214,0,-40,0,-32,5000,5000,4900,4900,-40.72,57.81,-235.56,-10.100549915350939,2.3915939147102847,61.36309962835303,0.1991978821871386,0.06058773626222186,-0.978084520860431
,2,0,0.0,-0.25,-0.0,0.25,2683,2682,2525,2366,2683,2696,2526,2367,0,-41,0,-16,5000,5000,4900,5000,-36.37,55.660000000000004,-252.46,-10.740903397082434,19.42124963595296,57.034615663454844,0.2347564114085686,-0.47863724340288244,-0.8460471715751205
,3,0,-0.375,0.25,0.375,-0.25,2439,3008,2769,2040,2440,3011,2769,2051,0,-18,0,-34,5000,5000,4900,5000,-38.4,61.75,-217.1,-7.8055725607391935,-16.341494471732204,59.021715753898974,0.10448522572284161,0.5818230186769141,-0.8065759806387306
