DATE: 2026-4-25
TIME: 20-27-09
NUM_CABLES: 4
num_coils: 1
NUM_MEASUREMENTS: 7
---
,0,0,0.0,0.0,-0.0,-0.0,2302,2887,2487,2198,2302,2889,2488,2200,0,-17,0,-15,5000,4900,4900,4900,-41.050000000000004,48.4,-235.05,-19.519242491396156,2.7155616382164283,61.67991988035223,0.1318393317839442,0.15369136203786432,-0.9792841037358413
,1,0,0.0,0.0,-0.0,-0.0,2302,2887,2487,2198,2302,2889,2488,2200,0,-19,0,-16,5000,5000,4900,4900,-41.06,48.38,-235.07,-19.537409366920457,2.737239221947391,61.68992222993977,0.13239185982728344,0.1537255750274439,-0.9792041886317455
,2,0,0.0,-0.25,-0.0,0.25,2302,2724,2487,2361,2302,2733,2488,2361,0,-31,0,-13,5000,5000,4900,4900,-38.13,44.94,-251.81,-21.478909345097165,19.719763025028726,58.77949904550158,0.2135077995640808,-0.3994675924890663,-0.8915380317610091
,3,0,-0.375,0.25,0.375,-0.25,2058,3050,2731,2035,2060,3052,2731,2042,-5,-17,0,-25,5000,4900,4900,4900,-37.52,53.13,-216.6,-16.434730108944706,-16.07585379839773,58.12959746526329,0.028671497763282826,0.6481597789148025,-0.7609644184934832
,4,0,0.375,-0.5833333333333334,-0.375,0.5833333333333334,2546,2507,2243,2578,2545,2522,2247,2577,19,-50,-20,16,5000,4900,4900,4900,-26.05,36.43,-265.31,-28.743912404909835,33.93554238046667,46.707720060678454,0.41901573806027465,-0.775896523031495,-0.4716040678423377
,5,0,-0.5625,-0.08333333333333337,0.5625,0.08333333333333337,1935,2833,2854,2252,1938,2835,2853,2257,-22,-18,6,-21,5000,4900,4900,4900,-40.550000000000004,53.800000000000004,-243.95000000000002,-13.352422366683413,11.103642288089247,61.199885964188965,-0.06185478673245175,-0.11117094312615383,-0.9918744914366561
,6,0,0.1875,0.4166666666666665,-0.1875,-0.4166666666666665,2424,3159,2365,1926,2425,3160,2367,1935,12,0,-18,-28,5000,4900,4900,5000,-32.36,54.2,-208.13,-16.110705850091122,-24.600491531310354,52.9588180460387,0.01681483088849417,0.8431626618638755,-0.5373955592492514
