DATE: 2026-5-13
TIME: 22-43-00
NUM_CABLES: 4
num_coils: 1
NUM_MEASUREMENTS: 182
---
,0,0,0.0,0.0,-0.0,-0.0,2131,2424,2632,1862,2132,2426,2631,1863,0,-16,22,-11,5000,5000,5000,5000,-49.49,42.26,-209.56,2.2025415608669903,-0.2972983318232849,69.32192035679036,0.09238660351835747,-0.03282475680752439,0.9951820189447095
,1,0,0.0,0.0,-0.0,-0.0,2131,2424,2632,1862,2132,2426,2631,1863,0,-15,20,-11,5000,5000,5000,4900,-49.49,42.27,-209.6,2.2417002099053605,-0.3102049165727436,69.32206274918174,0.09282566485134082,-0.03282170442064265,0.9951412621652419
,2,0,0.0,-0.25,-0.0,0.25,2131,2261,2632,2025,2132,2286,2631,2026,0,-78,21,-9,5000,4900,5000,5000,-47.75,29.46,-208.94,2.528054144658398,12.50971963763881,67.55377661612093,0.10736823601764708,0.31213063839150385,0.9439526081704374
,3,0,-0.375,0.25,0.375,-0.25,1887,2587,2876,1699,1914,2588,2875,1716,-92,0,21,-43,5000,5000,5000,4900,-44.9,52.370000000000005,-225.72,17.590688482472842,-11.575616326199828,64.80193390362541,0.5078500925668438,-0.3008140050534995,0.8072169583473339
,4,0,0.375,-0.5833333333333334,-0.375,0.5833333333333334,2375,2044,2388,2242,2376,2087,2402,2242,6,-180,-45,0,4900,5000,4900,4900,-39.97,14.290000000000001,-200.84,-4.414984155542697,28.215210422769886,59.71802021612331,-0.07599394375619829,0.7172356409469577,0.6926744948875966
,5,0,-0.5625,-0.08333333333333337,0.5625,0.08333333333333337,1764,2370,2999,1916,1805,2371,2998,1916,-179,0,21,-7,5000,5000,5000,5000,-41.36,38.69,-235.68,28.537403094220565,1.329022425309681,61.26423155577473,0.7685986205988615,0.040827238767174194,0.6384272057080402
,6,0,0.1875,0.4166666666666665,-0.1875,-0.4166666666666665,2253,2696,2510,1590,2253,2697,2514,1620,6,0,-24,-109,4900,4900,5000,5000,-44.9,63.690000000000005,-211.97,3.047515378390642,-21.856699329467226,64.78326991084397,0.1019445220045462,-0.5879197433972572,0.8024697438264997
,7,0,-0.1875,-0.4166666666666667,0.1875,0.4166666666666667,2009,2152,2754,2134,2015,2183,2753,2135,-21,-111,21,-1,5000,5000,5000,5000,-44.29,21.580000000000002,-214.53,8.69092551570398,19.950662942233635,64.09466123762425,0.26786455152355165,0.5091686494548774,0.8179216762315219
,8,0,0.5625,0.08333333333333337,-0.5625,-0.08333333333333337,2498,2478,2265,1808,2497,2478,2297,1813,15,-9,-133,-15,4900,5000,5000,4900,-45.550000000000004,45.15,-188.11,-19.390183795203114,-1.6153416394514366,65.32252371022678,-0.49556408188161555,-0.0522011531969495,0.8670013150818974
,9,0,-0.65625,0.5833333333333333,0.65625,-0.5833333333333333,1703,2804,3060,1482,1748,2804,3059,1517,-203,0,21,-130,5100,5000,4700,5000,-32.78,67.35,-233.79,24.575216127387876,-27.1345920787494,52.73734327198805,0.6615369609957227,-0.6297443250135777,0.40717432918804897
,10,0,0.09375,-0.6944444444444444,-0.09375,0.6944444444444444,2192,1971,2571,2315,2191,2026,2572,2315,11,-261,-22,0,5000,4800,5000,4800,-36.04,8.27,-208.43,3.607427990755724,33.653423437874324,55.79881844059909,0.1320632877646322,0.8464915556870576,0.515762866223715
,11,0,-0.28125,-0.19444444444444442,0.28125,0.19444444444444442,1948,2297,2815,1989,1967,2301,2814,1990,-58,-16,21,0,5000,5000,5000,5000,-46.19,31.26,-221.39000000000001,14.816954263283606,9.797966123382189,66.03541343414805,0.4551484243979057,0.292853235580498,0.8408786441444076
,12,0,0.46875,0.3055555555555556,-0.46875,-0.3055555555555556,2437,2623,2326,1663,2438,2623,2347,1682,1,0,-74,-60,5000,4900,5000,4800,-45.550000000000004,57.31,-195.26,-13.151345349997882,-14.266934837176116,65.36926142428858,-0.31691518458912016,-0.36558055044724613,0.8751660567638193
,13,0,-0.46875,-0.5277777777777778,0.46875,0.5277777777777778,1825,2080,2938,2206,1853,2115,2937,2207,-106,-137,20,0,4900,5000,4800,4900,-38.39,18.03,-225.79,20.197965266644985,22.65190963510237,58.22172309096129,0.5618354691733725,0.5586854848042521,0.6100913330377467
,14,0,0.28125,-0.02777777777777779,-0.28125,0.02777777777777779,2314,2406,2449,1880,2314,2407,2460,1882,0,0,-41,-12,5000,5000,5000,5000,-49.2,40.22,-202.64000000000001,-4.5483302563672225,2.2440469324986907,69.00665228866227,-0.11021308710357446,0.06205041582307508,0.9919691634961658
,15,0,-0.09375,0.4722222222222219,0.09375,-0.4722222222222219,2070,2732,2693,1554,2072,2733,2692,1590,-14,0,19,-135,4900,5000,4900,4900,-43.6,66.31,-211.98000000000002,2.869079250999846,-24.47332156566049,63.488685567704934,0.0900053579335368,-0.6397955637266137,0.7632566227547589
,16,0,0.65625,-0.36111111111111116,-0.65625,0.36111111111111116,2559,2189,2204,2097,2559,2213,2237,2097,5,-71,-135,-3,5000,4900,4900,4800,-41.42,29.02,-183.64000000000001,-22.653144586449827,14.789628274601036,61.145832556475995,-0.5526641259859532,0.3636721951566653,0.7498699209317005
,17,0,-0.703125,0.13888888888888884,0.703125,-0.13888888888888884,1673,2515,3090,1771,1727,2515,3089,1775,-264,0,21,-14,5100,4900,5100,4700,-36.61,45.300000000000004,-238.66,31.038272957609422,-5.492491666580371,56.536907215247766,0.8558143447158891,-0.12782312231663237,0.5012415154192046
,18,0,0.046875,0.6388888888888888,-0.046875,-0.6388888888888888,2162,2840,2601,1446,2163,2841,2602,1494,0,0,-22,-214,4800,4900,4700,4700,-39.13,74.66,-212.18,2.4690194886653103,-32.82562893332628,59.03645985211094,0.10549655168941699,-0.8206608222836924,0.5615926391525237
,19,0,-0.328125,-0.6388888888888888,0.328125,0.6388888888888888,1917,2008,2846,2278,1933,2056,2845,2278,-42,-211,21,0,4800,4800,5100,5000,-36.59,11.52,-217.89000000000001,12.801949797130248,29.71965014050045,56.38430661039581,0.3950779497683869,0.7248709845630763,0.5643363087250053
,20,0,0.421875,-0.13888888888888895,-0.421875,0.13888888888888895,2406,2333,2357,1953,2406,2336,2379,1954,9,-16,-70,0,5000,5000,5000,5000,-47.64,35.27,-194.95000000000002,-11.850023409338661,7.741136098018018,67.41307524120593,-0.31872455078558376,0.21676400042858465,0.9227285781012334
,21,0,-0.515625,0.36111111111111116,0.515625,-0.36111111111111116,1795,2659,2968,1627,1829,2660,2967,1648,-134,0,20,-60,5000,4900,5000,4900,-40.84,56.85,-232.49,24.025566521787937,-16.549258351554208,60.77178134785669,0.634779205315113,-0.4005181621000948,0.6607878345789034
,22,0,0.234375,-0.4722222222222222,-0.234375,0.4722222222222222,2284,2116,2479,2170,2284,2152,2482,2171,1,-138,-24,0,5000,4900,5000,4800,-43.410000000000004,18.580000000000002,-207.35,1.7528701434050618,23.467149256829565,63.186634998920724,0.0796061220103297,0.6077609127826522,0.790119951799772
,23,0,-0.140625,0.02777777777777768,0.140625,-0.02777777777777768,2039,2442,2724,1844,2049,2442,2723,1850,-30,0,21,-16,5000,5000,5000,4900,-48.84,42.1,-215.59,8.229887794508358,-0.5814361886628063,68.68996857214243,0.2561009784922731,-0.013493675231239895,0.9665558491592993
,24,0,0.609375,0.5277777777777777,-0.609375,-0.5277777777777777,2528,2768,2235,1518,2527,2768,2262,1551,11,0,-102,-122,5000,4900,5000,4800,-39.72,67.64,-191.05,-18.09080405614924,-24.27356962976031,59.54767162269063,-0.43383365526517004,-0.6124676494302357,0.6608114239029645
,25,0,-0.609375,-0.3055555555555556,0.609375,0.3055555555555556,1734,2225,3029,2061,1775,2244,3029,2061,-179,-58,20,0,5000,5000,5000,5000,-39.0,31.17,-235.48000000000002,28.8963122004549,8.838062944490176,58.888206569633454,0.7694403777222436,0.22364925059279617,0.5982829747201011
,26,0,0.140625,0.19444444444444442,-0.140625,-0.19444444444444442,2223,2551,2540,1735,2222,2551,2542,1748,14,-1,-20,-34,5000,5000,5000,5000,-48.33,52.410000000000004,-211.95000000000002,3.8449937742805673,-10.597851433722091,68.19003850711876,0.1285259436092323,-0.2839953619650236,0.9501724665563153
,27,0,-0.234375,0.6944444444444444,0.234375,-0.6944444444444444,1978,2877,2785,1409,1987,2878,2784,1459,-24,4,17,-221,5000,5000,4900,4700,-36.54,76.17,-216.78,6.953340100155685,-34.67479510570772,56.46359119625562,0.2008183044636229,-0.8439514551023303,0.49741124838810763
,28,0,0.515625,-0.7314814814814815,-0.515625,0.7314814814814815,2467,1947,2296,2339,2468,2002,2315,2339,0,-259,-63,0,4800,5100,5100,4900,-34.34,9.68,-194.3,-10.582962251655175,33.279637893005706,54.05867214372155,-0.24466855994044936,0.8273789050047587,0.5055506337942751
,29,0,-0.421875,-0.2314814814814815,0.421875,0.2314814814814815,1856,2273,2907,2013,1886,2278,2905,2014,-109,-17,21,-2,4900,5000,4900,4900,-43.82,30.72,-226.65,20.10921617909338,9.945370222785499,63.68034743805616,0.5900434588413092,0.26801191899723803,0.7615893433826414
,30,0,0.328125,0.2685185185185184,-0.328125,-0.2685185185185184,2345,2599,2418,1687,2345,2600,2430,1706,0,0,-39,-53,5000,5000,5000,5000,-47.28,55.660000000000004,-202.61,-5.705149604983518,-13.15649315952124,67.11825776718271,-0.11935916475819171,-0.3404067002945356,0.9326717901720911
,31,0,-0.046875,-0.5648148148148149,0.046875,0.5648148148148149,2100,2056,2663,2230,2101,2098,2662,2231,0,-181,21,-2,5000,5000,5000,5000,-40.9,14.21,-207.38,2.110555562694856,27.81747217379615,60.66777580100138,0.0958105154576863,0.7305189470882041,0.6761378654334292
,32,0,0.703125,-0.06481481481481488,-0.703125,0.06481481481481488,2589,2382,2174,1904,2589,2383,2216,1904,11,0,-185,-9,5000,4800,5000,5000,-42.39,40.730000000000004,-180.38,-26.766020912643853,3.3524776694124157,62.12992318221467,-0.6965582634499802,0.10123507576018924,0.7103224936994297
,33,0,-0.7265625,0.4351851851851851,0.7265625,-0.4351851851851851,1657,2708,3106,1578,1709,2709,3105,1602,-247,0,19,-79,4800,4900,5000,5000,-35.59,57.18,-243.28,34.77741861704857,-17.681608622619287,55.55536884640914,0.7944435213527203,-0.4180729867044992,0.4405388395688517
,34,0,0.0234375,-0.39814814814814814,-0.0234375,0.39814814814814814,2146,2164,2617,2122,2147,2194,2617,2123,0,-106,0,0,5000,5000,5000,5000,-44.96,21.68,-210.04,4.203767992929045,20.18174319931908,64.75118182419385,0.14777142839566634,0.527715470538026,0.8364687603878188
,35,0,-0.3515625,0.10185185185185197,0.3515625,-0.10185185185185197,1902,2490,2861,1796,1927,2490,2860,1805,-80,-1,22,-22,5000,5000,5000,4900,-46.1,44.44,-225.42000000000002,17.8696571746043,-3.6422659067530674,65.98473887109657,0.5420786204623232,-0.08905380789770888,0.8355957087830114
,36,0,0.3984375,0.6018518518518519,-0.3984375,-0.6018518518518519,2391,2816,2372,1470,2392,2817,2387,1510,0,0,-47,-160,5100,5000,5000,4900,-39.51,73.51,-201.89000000000001,-7.709973581947594,-30.92321309207336,59.38274591213103,-0.13829937084086108,-0.7636356484823834,0.6306614625866338
,37,0,-0.5390625,-0.6759259259259259,0.5390625,0.6759259259259259,1780,1983,2983,2303,1811,2035,2982,2304,-119,-239,22,-9,5100,4700,5100,5000,-33.7,12.57,-227.13,21.94835887534643,27.988272466115873,53.52463314607046,0.6094631054240611,0.6575819354033402,0.44287777248136795
,38,0,0.2109375,-0.17592592592592593,-0.2109375,0.17592592592592593,2269,2309,2494,1977,2269,2314,2501,1978,0,-18,-29,0,5000,5000,5000,5000,-48.39,32.1,-207.14000000000001,0.5374307943739325,10.010297772038555,68.19370553018996,0.04805586238199091,0.27877650235277257,0.9591529053423535
,39,0,-0.1640625,0.3240740740740742,0.1640625,-0.3240740740740742,2024,2635,2739,1651,2031,2636,2738,1673,-22,0,21,-68,5000,5000,5000,5000,-46.29,58.01,-215.97,7.4493098377763545,-16.482208286300995,66.17379195822308,0.2239127407333348,-0.4352707812602559,0.8720105684671328
,40,0,0.5859375,-0.5092592592592593,-0.5859375,0.5092592592592593,2513,2092,2250,2194,2513,2125,2278,2195,0,-126,-108,-1,5000,5000,5000,5000,-40.09,20.05,-189.34,-16.30677561496185,23.31440137457966,59.81480120011524,-0.38332666669817816,0.5918757641020497,0.7090442485957266
,41,0,-0.6328125,-0.0092592592592593,0.6328125,0.0092592592592593,1718,2418,3045,1868,1764,2419,3045,1869,-209,-1,22,0,5100,5000,5000,5000,-38.89,40.44,-237.74,30.470626126081612,-0.5729446739714277,58.80411573282366,0.8254796774261544,-0.010052772534026519,0.5643423109432714
,42,0,0.1171875,0.4907407407407405,-0.1171875,-0.4907407407407405,2207,2744,2556,1542,2207,2744,2558,1579,0,0,-20,-140,5000,5000,4900,4900,-43.07,67.48,-212.88,3.6823686000862494,-25.707375597082496,62.963832176562505,0.12188929660871382,-0.6748240521977605,0.727843044857631
,43,0,-0.2578125,-0.3425925925925926,0.2578125,0.3425925925925926,1963,2201,2800,2085,1975,2229,2799,2086,-36,-90,19,-2,5000,5000,5000,5000,-45.13,26.03,-218.96,12.78016454664214,15.189675109444927,64.95728456439548,0.3750895230984446,0.38456643636870536,0.8434550999789237
,44,0,0.4921875,0.15740740740740744,-0.4921875,-0.15740740740740744,2452,2527,2311,1759,2453,2527,2336,1768,0,0,-90,-25,5000,5000,5000,5000,-46.61,49.29,-192.41,-15.408492539978397,-6.057131666636273,66.40411332855169,-0.38068656775183846,-0.17053578509958384,0.9088428264192842
,45,0,-0.4453125,0.6574074074074074,0.4453125,-0.6574074074074074,1841,2853,2922,1433,1868,2854,2921,1477,-85,0,20,-188,5000,4800,5000,5000,-35.57,72.48,-225.98000000000002,16.40196682709879,-31.671657399252133,55.514056104244105,0.4276130253292744,-0.7562892148708167,0.4951502035128626
,46,0,0.3046875,-0.6203703703703703,-0.3046875,0.6203703703703703,2330,2020,2433,2266,2330,2067,2439,2266,0,-210,-28,0,5100,4800,5100,4800,-38.84,12.33,-203.83,-1.286030262621182,29.948080112149928,58.593115697686656,0.008107123226274462,0.7673056274643277,0.6412303397489615
,47,0,-0.0703125,-0.12037037037037046,0.0703125,0.12037037037037046,2085,2346,2678,1940,2090,2349,2677,1941,-17,-16,19,0,5000,5000,5000,5000,-48.870000000000005,34.76,-211.88,5.068160683734732,7.010932906087021,68.69360259014135,0.1717596316089061,0.21649821891627882,0.9610552274222598
,48,0,0.6796875,0.37962962962962976,-0.6796875,-0.37962962962962976,2574,2671,2189,1615,2575,2672,2224,1637,0,0,-147,-65,5000,5000,5000,4900,-41.34,59.59,-185.01,-23.5287630521656,-15.798626348033402,61.13273891752618,-0.5791959222179717,-0.4144769977570685,0.7019550569775533
,49,0,-0.6796875,-0.4537037037037037,0.6796875,0.4537037037037037,1688,2128,3075,2158,1736,2155,3074,2159,-220,-89,21,0,4800,4900,4800,5000,-34.800000000000004,23.05,-235.32,29.34443442617527,16.938375840179702,54.67108462893252,0.785269401893547,0.3929525066109308,0.47847705691907294
,50,0,0.0703125,0.04629629629629617,-0.0703125,-0.04629629629629617,2177,2454,2586,1832,2177,2454,2586,1838,0,0,0,-16,5000,5000,5000,5000,-49.38,44.31,-211.6,4.0869991910142005,-2.4916328206914287,69.22234329545745,0.1440818408011863,-0.06042948806669709,0.987718937817504
,51,0,-0.3046875,0.5462962962962961,0.3046875,-0.5462962962962961,1932,2780,2831,1506,1949,2780,2830,1542,-49,0,19,-137,5000,4900,5000,4800,-40.39,68.55,-221.29,11.998943246131347,-27.397351717288736,60.311669498691415,0.33306189124356245,-0.6857381080103975,0.6471731019005522
,52,0,0.4453125,-0.2870370370370371,-0.4453125,0.2870370370370371,2421,2237,2342,2049,2422,2258,2361,2050,0,-64,-66,-7,5000,5000,5000,4900,-46.02,29.97,-194.77,-11.63613113508498,13.036373603784625,65.78166178884713,-0.2699161431640869,0.3259774238115754,0.90602648682287
,53,0,-0.4921875,0.2129629629629629,0.4921875,-0.2129629629629629,1810,2563,2953,1723,1844,2565,2951,1733,-135,-7,19,-27,5000,4900,4900,4900,-42.75,49.11,-231.43,23.530599276565454,-8.748046841592306,62.66265585532534,0.6508549797400897,-0.22902021101557501,0.7238352977673231
,54,0,0.2578125,0.7129629629629628,-0.2578125,-0.7129629629629628,2299,2889,2464,1397,2299,2890,2467,1448,0,0,-22,-234,5100,4800,5000,5000,-36.9,76.8,-213.5,3.6349410502126034,-35.06172951618516,56.81488808967397,0.0595360951897093,-0.8735576276498975,0.4830657559217436
,55,0,-0.1171875,-0.712962962962963,0.1171875,0.712962962962963,2055,1959,2708,2327,2057,2016,2707,2328,-13,-273,21,-6,5000,5000,4800,4900,-35.9,8.17,-208.66,3.8445463777796363,33.73596823820275,55.65931494073651,0.14123233350836262,0.8548315741017719,0.4993159399523216
,56,0,0.6328125,-0.21296296296296302,-0.6328125,0.21296296296296302,2544,2285,2219,2001,2544,2290,2252,2002,0,-18,-134,0,5000,5000,4900,5000,-43.44,34.25,-184.1,-22.58381326403122,9.544575308558755,63.17795276727624,-0.5938505980249649,0.2677700548616393,0.7587098687540487
,57,0,-0.5859375,0.287037037037037,0.5859375,-0.287037037037037,1749,2611,3014,1675,1788,2612,3014,1690,-162,-1,20,-39,5000,5000,5100,4900,-39.85,52.31,-235.97,27.83202415061416,-12.278961049747458,59.78307447818682,0.7281532264356989,-0.2935876159092255,0.6193538492784388
,58,0,0.1640625,-0.5462962962962963,-0.1640625,0.5462962962962963,2238,2068,2525,2218,2238,2108,2527,2219,0,-163,-22,0,5000,5000,4900,5000,-40.82,14.55,-208.96,3.6615872164920518,27.362332225078962,60.59328797648695,0.1406906243916598,0.7173031053603441,0.6824092637477106
,59,0,-0.2109375,-0.04629629629629628,0.2109375,0.04629629629629628,1993,2394,2770,1892,2006,2395,2769,1893,-39,0,23,-12,5000,5000,5000,4900,-48.050000000000004,38.36,-219.26,12.166579345173147,2.8775371811927783,67.903480898015,0.3939614947714196,0.09613908404187374,0.9140851257716964
,60,0,0.5390625,0.4537037037037035,-0.5390625,-0.4537037037037035,2482,2720,2281,1566,2483,2721,2307,1596,0,0,-93,-104,5000,5000,5100,5000,-42.480000000000004,64.68,-193.38,-15.557959522691448,-21.48616171818903,62.308677907334456,-0.36845430025404813,-0.5432082820107187,0.7544310379214676
,61,0,-0.3984375,-0.37962962962962965,0.3984375,0.37962962962962965,1871,2177,2892,2109,1895,2202,2891,2110,-77,-86,22,-1,5000,4900,5000,4800,-42.550000000000004,25.080000000000002,-224.57,18.45216023163931,15.719828893106154,62.3924450148246,0.5199672555741008,0.3971440688300136,0.7562477383264559
,62,0,0.3515625,0.12037037037037046,-0.3515625,-0.12037037037037046,2360,2502,2403,1784,2360,2502,2418,1791,0,0,-51,-20,5000,5000,5000,4900,-48.5,47.9,-199.67000000000002,-8.071585785694339,-5.199025501434178,68.31336791822372,-0.18853959293511388,-0.13616237913913684,0.9725803968839959
,63,0,-0.0234375,0.6203703703703702,0.0234375,-0.6203703703703702,2116,2828,2647,1458,2117,2829,2646,1503,0,0,20,-194,4800,5000,4800,4700,-39.1,74.29,-207.85,-1.822075874985984,-32.1391387074213,58.99250817651769,0.023740328193826377,-0.8024634613845847,0.5962288067176231
,64,0,0.7265625,-0.6574074074074074,-0.7265625,0.6574074074074074,2605,1995,2158,2291,2605,2043,2196,2291,6,-208,-157,0,5000,5000,5000,4700,-34.160000000000004,16.080000000000002,-183.53,-21.79279723666022,27.68633585374858,53.858992634008374,-0.5290488953419027,0.6888923405572233,0.49551448965605754
,65,0,-0.73828125,-0.15740740740740744,0.73828125,0.15740740740740744,1650,2321,3113,1965,1705,2324,3113,1966,-265,-15,22,0,5000,5000,5100,4900,-35.18,38.47,-240.12,32.999410230141365,1.2087779405749401,55.09734955731855,0.8929702487727947,0.03978278239926835,0.4483541736520657
,66,0,0.01171875,0.34259259259259256,-0.01171875,-0.34259259259259256,2139,2647,2624,1639,2140,2648,2624,1663,0,0,-8,-73,5000,4900,5000,5000,-46.25,60.14,-212.83,4.161671001408536,-18.376274870489276,66.12859620325251,0.1372768177911386,-0.49357692561016697,0.8587996819994491
,67,0,-0.36328125,-0.49074074074074076,0.36328125,0.49074074074074076,1894,2104,2869,2182,1914,2140,2868,2183,-61,-144,20,0,5000,4900,5000,5000,-40.51,19.0,-221.6,15.942000686046867,21.99662490875479,60.33093323130052,0.46897961748979194,0.543257955982075,0.6963683735217348
,68,0,0.38671875,0.0092592592592593,-0.38671875,-0.0092592592592593,2383,2430,2380,1856,2384,2431,2399,1857,0,0,-66,-11,5000,5000,5000,5000,-48.27,41.93,-197.16,-10.136281576109951,0.9384400105400914,68.0634711748143,-0.2594716714604095,0.014902589991099504,0.9656357307603618
,69,0,-0.55078125,0.5092592592592591,0.55078125,-0.5092592592592591,1772,2756,2991,1530,1807,2756,2989,1559,-140,0,20,-106,5000,5000,4900,4800,-37.72,64.1,-233.45000000000002,24.46023710966969,-23.857203494926928,57.66960481169929,0.6080757399051981,-0.5686153132299703,0.5540040794968292
,70,0,0.19921875,-0.32407407407407407,-0.19921875,0.32407407407407407,2261,2213,2502,2073,2261,2239,2506,2074,0,-87,-24,-2,5000,4900,5000,4900,-46.56,26.1,-208.92000000000002,2.7579838112132506,15.859428308671816,66.35682876109789,0.10520322698419919,0.41077790147344684,0.9056455138149706
,71,0,-0.17578125,0.17592592592592582,0.17578125,-0.17592592592592582,2016,2539,2747,1747,2025,2539,2746,1758,-29,0,21,-29,5000,5000,5000,5000,-47.910000000000004,49.86,-217.08,9.149397873438403,-8.431904739750316,67.7804386148941,0.2727030284588607,-0.22248365657993568,0.9360203420995651
,72,0,0.57421875,0.6759259259259258,-0.57421875,-0.6759259259259258,2505,2865,2258,1421,2505,2866,2283,1467,0,0,-94,-194,4900,4900,5000,4600,-35.76,75.39,-196.38,-13.332168210988044,-32.40256302584586,55.61984127254259,-0.3322538690870444,-0.7761970542863832,0.5358409273224946
,73,0,-0.64453125,-0.6018518518518519,0.64453125,0.6018518518518519,1711,2032,3052,2254,1752,2073,3052,2254,-170,-164,20,-3,5100,4800,5000,4900,-33.8,17.47,-233.51,27.95146966367963,22.633807747120635,53.65412614214716,0.7274448964873494,0.5412872037629451,0.4217014176132229
,74,0,0.10546875,-0.10185185185185186,-0.10546875,0.10185185185185186,2200,2358,2563,1928,2200,2362,2564,1929,0,-17,-22,0,5000,5000,5000,5000,-48.96,35.76,-211.71,4.825014429884504,6.026300225062769,68.78513609601546,0.17463664930782696,0.16344664593183694,0.9709723140502862
,75,0,-0.26953125,0.39814814814814814,0.26953125,-0.39814814814814814,1955,2684,2808,1602,1970,2685,2807,1630,-43,0,20,-92,5000,4900,5000,4900,-44.1,61.050000000000004,-220.73000000000002,11.979825896870295,-19.868076538604846,64.00454775428176,0.3455906767944135,-0.509943214903822,0.7877340932613832
,76,0,0.48046875,-0.43518518518518523,-0.48046875,0.43518518518518523,2444,2140,2319,2146,2445,2169,2339,2147,0,-103,-67,0,5000,5000,5000,4900,-43.02,22.46,-194.11,-11.734866232229678,20.567723982693366,62.764260116761875,-0.2672708039878858,0.5193713339155197,0.8116771124298644
,77,0,-0.45703125,0.06481481481481477,0.45703125,-0.06481481481481477,1833,2466,2930,1820,1866,2467,2929,1823,-123,-1,22,-12,5000,4900,5000,5000,-44.050000000000004,41.730000000000004,-230.09,22.731744908797594,-1.2867148830803998,63.943420120905486,0.6438173974069078,-0.04085259529571303,0.7640878380486114
,78,0,0.29296875,0.5648148148148147,-0.29296875,-0.5648148148148147,2322,2792,2441,1494,2322,2792,2448,1533,0,0,-30,-152,4900,5000,5000,4900,-41.52,70.2,-210.05,0.6649810357142201,-28.216014480161085,61.41080183536529,-0.007804332950808011,-0.7422711451217462,0.6700542063944114
,79,0,-0.08203125,-0.26851851851851855,0.08203125,0.26851851851851855,2078,2249,2685,2037,2080,2271,2684,2039,-15,-67,21,-10,5000,5000,5000,5000,-47.38,28.830000000000002,-210.72,4.350528395568574,13.006639079781948,67.1879096009507,0.1493341972764706,0.3299772496126001,0.9321020932611919
,80,0,0.66796875,0.2314814814814815,-0.66796875,-0.2314814814814815,2566,2575,2197,1711,2567,2576,2232,1723,0,-6,-150,-29,5000,5000,4900,4800,-43.11,52.24,-183.71,-24.29128306888842,-8.369080165183114,62.88368344577134,-0.607323558475093,-0.2340680007562859,0.7591905336232172
,81,0,-0.69140625,0.7314814814814814,0.69140625,-0.7314814814814814,1680,2901,3083,1385,1728,2902,3082,1428,-222,0,19,-178,4900,5100,4900,4900,-28.560000000000002,73.11,-234.98000000000002,25.35172708735925,-32.975918332737145,48.532817338720676,0.614260931500367,-0.7483474908212743,0.25031887866040986
,82,0,0.05859375,-0.7438271604938271,-0.05859375,0.7438271604938271,2169,1939,2594,2347,2170,1996,2594,2347,0,-275,-5,0,5100,4900,4800,5000,-34.660000000000004,6.98,-208.12,3.396864719970324,34.959548606142334,54.41523607810201,0.13049066022686553,0.881018116065004,0.45472988329207953
,83,0,-0.31640625,-0.24382716049382724,0.31640625,0.24382716049382724,1925,2265,2838,2021,1946,2271,2837,2022,-65,-18,23,-4,5000,5000,5000,4900,-45.160000000000004,29.16,-222.6,16.180689268228406,11.801227954242705,65.00479766029949,0.48250151883310266,0.3481313898301991,0.8037392734827902
,84,0,0.43359375,0.25617283950617287,-0.43359375,-0.25617283950617287,2414,2591,2349,1695,2415,2591,2367,1712,0,0,-62,-45,5000,5000,5000,5000,-46.800000000000004,54.51,-196.18,-12.032071453195101,-11.539116080268421,66.61631024987581,-0.2864224085427657,-0.2987031773257724,0.9103508201457549
,85,0,-0.50390625,-0.5771604938271605,0.50390625,0.5771604938271605,1803,2048,2960,2238,1835,2086,2959,2239,-120,-155,22,0,4900,5000,5000,4900,-36.64,16.15,-227.13,21.67729313147987,24.42459606796926,56.47195971294336,0.5804966212201924,0.6020353822656711,0.5482490959884646
,86,0,0.24609375,-0.07716049382716061,-0.24609375,0.07716049382716061,2291,2374,2472,1912,2291,2376,2480,1912,0,-16,-32,0,5000,5000,5000,5000,-49.26,37.38,-204.46,-2.5251135344742295,4.9430519324681725,69.06636917398214,-0.04916102105127113,0.14494394127607935,0.9882178139947453
,87,0,-0.12890625,0.4228395061728394,0.12890625,-0.4228395061728394,2047,2700,2716,1586,2052,2701,2715,1615,-18,0,19,-103,5000,5000,5000,5000,-44.6,63.550000000000004,-213.57,4.654334016290818,-21.83509927628247,64.48785951393994,0.1420287736693574,-0.5704955019732701,0.8089268877211617
,88,0,0.62109375,-0.4104938271604938,-0.62109375,0.4104938271604938,2536,2156,2227,2130,2536,2181,2257,2131,0,-81,-120,0,5000,5000,4900,4900,-41.4,25.54,-186.19,-19.854725285034448,18.073189473843442,61.12646081686532,-0.4772097666699235,0.4557711024347354,0.7513611254119172
,89,0,-0.59765625,0.08950617283950613,0.59765625,-0.08950617283950613,1741,2482,3022,1804,1784,2482,3022,1807,-189,0,20,-11,5000,5000,5000,4900,-40.13,42.7,-235.55,28.117193033693326,-2.6634268108286463,60.04207256370775,0.7840674320880711,-0.06570916530388275,0.6171876274957929
,90,0,0.15234375,0.5895061728395061,-0.15234375,-0.5895061728395061,2230,2808,2533,1478,2230,2808,2535,1521,0,0,-20,-172,5000,5000,5000,4700,-39.92,71.7,-212.25,2.7536500046335277,-29.876947937569675,59.82059367655897,0.11142148848047044,-0.7773318800994774,0.619144894258047
,91,0,-0.22265625,-0.6882716049382716,0.22265625,0.6882716049382716,1986,1975,2777,2311,1993,2031,2776,2311,-20,-264,7,-7,5000,4800,5000,4900,-36.43,9.47,-212.85,7.926364590092675,32.13338719293133,56.204745114971814,0.26082624747996264,0.8008789453081759,0.5390385733763268
,92,0,0.52734375,-0.18827160493827166,-0.52734375,0.18827160493827166,2475,2301,2288,1985,2476,2306,2315,1986,0,-18,-102,0,5000,4900,4900,4900,-45.83,33.94,-189.56,-17.12270746986198,9.458736865514915,65.58393598970049,-0.460788952494062,0.2618043218054252,0.8480165318809686
,93,0,-0.41015625,0.31172839506172845,0.41015625,-0.31172839506172845,1864,2627,2899,1659,1890,2628,2898,1676,-86,-3,19,-51,5000,5000,5000,5000,-43.550000000000004,55.050000000000004,-227.42000000000002,19.093437210764733,-14.376132378111485,63.462622101765106,0.5166130523745555,-0.3572568269074736,0.7781249987914852
,94,0,0.33984375,-0.5216049382716049,-0.33984375,0.5216049382716049,2353,2084,2410,2202,2353,2122,2421,2203,0,-154,-35,-1,5000,5000,4900,4900,-41.86,16.88,-202.24,-3.214182515835404,25.533808121338957,61.61758783007053,-0.05036990348565376,0.6573159252127586,0.751929948389171
,95,0,-0.03515625,-0.021604938271605034,0.03515625,0.021604938271605034,2108,2410,2655,1876,2111,2412,2654,1878,-15,-12,21,-12,5000,5000,5000,5000,-49.480000000000004,40.26,-210.38,3.1670482717296693,1.6371504559378351,69.31031465860525,0.10612406543641066,0.05464925056550003,0.9928500098946856
,96,0,0.71484375,0.47839506172839474,-0.71484375,-0.47839506172839474,2597,2736,2166,1550,2598,2737,2204,1580,0,0,-158,-107,5000,5100,4900,4900,-38.74,64.02,-184.97,-23.886064077711467,-20.21965384682543,58.541725248695286,-0.581367253567534,-0.5122428551697344,0.632154548988537
,97,0,-0.71484375,-0.3549382716049383,0.71484375,0.3549382716049383,1665,2193,3098,2093,1719,2213,3098,2094,-257,-57,22,-2,4800,5000,5000,4700,-36.28,28.830000000000002,-239.98000000000002,33.56365591795105,10.835557937874945,56.177133650261524,0.8343715320693519,0.2555621573328542,0.48837703694135787
,98,0,0.03515625,0.1450617283950617,-0.03515625,-0.1450617283950617,2154,2519,2609,1767,2155,2519,2609,1777,-3,-2,0,-28,5000,5000,5000,4900,-48.92,49.63,-212.11,4.206757044330658,-7.8357397159749596,68.7748172645362,0.1376897690887261,-0.20838800251238715,0.9683057202646232
,99,0,-0.33984375,0.6450617283950615,0.33984375,-0.6450617283950615,1909,2845,2854,1441,1927,2846,2853,1487,-50,0,19,-200,4800,4900,5000,4700,-37.28,72.98,-220.70000000000002,11.094598794494175,-31.779200747334805,57.20898353477607,0.3355571246753168,-0.7719877587181723,0.5398484199003709
,100,0,0.41015625,-0.6327160493827161,-0.41015625,0.6327160493827161,2398,2012,2365,2274,2399,2059,2379,2274,0,-205,-42,-5,5100,4800,5000,4900,-38.45,12.55,-199.31,-5.808846878310561,30.059277781985934,58.189798280424114,-0.11789973794608874,0.7575452253159923,0.6420474152219493
,101,0,-0.52734375,-0.13271604938271608,0.52734375,0.13271604938271608,1787,2337,2976,1949,1826,2340,2975,1950,-162,-16,21,0,4900,5000,4900,4900,-42.15,36.6,-232.82,25.836127351175264,3.6249302544752524,62.04122357633314,0.7264172511028705,0.0999504527729138,0.6799469716754674
,102,0,0.22265625,0.3672839506172838,-0.22265625,-0.3672839506172838,2276,2663,2487,1623,2276,2664,2491,1648,0,0,-24,-79,5000,5000,5000,5000,-45.97,61.02,-209.88,1.155893907954777,-19.038189912304425,65.84141587334187,0.05318671496837419,-0.5084469549107015,0.8594491651010597
,103,0,-0.15234375,-0.4660493827160494,0.15234375,0.4660493827160494,2032,2120,2731,2166,2035,2156,2730,2168,-15,-137,21,-9,5000,4900,5000,4900,-43.33,19.03,-212.05,6.407417511343368,22.673489728642146,63.121878895454444,0.21280113540264628,0.5830555994631408,0.7840675000955096
,104,0,0.59765625,0.033950617283950546,-0.59765625,-0.033950617283950546,2521,2446,2242,1840,2521,2446,2275,1842,0,0,-138,-10,5000,5000,5000,4900,-44.64,42.94,-185.8,-21.529232055864924,0.7560475658766563,64.40095668856577,-0.5649523842675329,0.012201064560505785,0.8250332948033186
,105,0,-0.62109375,0.5339506172839505,0.62109375,-0.5339506172839505,1726,2772,3037,1514,1767,2772,3037,1544,-175,0,18,-106,5000,5000,5000,4800,-35.11,64.64,-234.75,25.72466194901702,-24.49701266949952,55.06469136865091,0.6602402712468753,-0.5816174319152843,0.4751883280512295
,106,0,0.12890625,-0.29938271604938277,-0.12890625,0.29938271604938277,2215,2229,2548,2057,2215,2255,2549,2057,0,-85,0,-7,5000,4900,5000,5000,-47.050000000000004,27.32,-210.14000000000001,3.8837968534860465,14.554356134026143,66.85304606512315,0.13872069025032668,0.37767858409581484,0.9154864593274187
,107,0,-0.24609375,0.2006172839506173,0.24609375,-0.2006172839506173,1971,2555,2792,1731,1985,2555,2791,1743,-40,-2,20,-32,5000,4900,5000,4900,-47.08,50.76,-220.38,12.376882661220208,-9.573379920102276,66.96234549227464,0.36170567840577267,-0.2533416910382053,0.8972106719109636
,108,0,0.50390625,0.7006172839506171,-0.50390625,-0.7006172839506171,2459,2881,2304,1405,2460,2882,2326,1451,0,0,-77,-195,5000,5000,5100,4900,-35.9,75.49,-203.36,-6.378735910055781,-33.01387832300295,55.78131214859765,-0.22227670836791372,-0.8358620189761694,0.5019240481887745
,109,0,-0.43359375,-0.7253086419753086,0.43359375,0.7253086419753086,1848,1951,2915,2335,1871,2007,2914,2335,-69,-267,21,-1,4900,4900,4800,5000,-33.37,9.09,-221.97,17.05847156843663,31.836569706359285,53.171772725426095,0.4779951978034233,0.7540737211521545,0.4504369145003651
,110,0,0.31640625,-0.22530864197530875,-0.31640625,0.22530864197530875,2337,2277,2426,2009,2337,2284,2440,2010,0,-22,-44,0,5000,5000,5000,5000,-47.57,30.09,-201.41,-5.027320765872076,12.43324800068767,67.35212828345082,-0.11473771430139428,0.3598266545240151,0.9259373821220022
,111,0,-0.05859375,0.27469135802469125,0.05859375,-0.27469135802469125,2093,2603,2670,1683,2095,2604,2669,1704,-16,0,21,-60,5000,5000,5000,5000,-47.64,55.95,-211.01,2.6498812681908817,-14.060937569050473,67.50444349759462,0.0875294962844632,-0.378340038895663,0.921519073187645
,112,0,0.69140625,-0.558641975308642,-0.69140625,0.558641975308642,2582,2060,2181,2226,2583,2096,2216,2227,0,-138,-143,-1,4800,4900,4900,5000,-37.06,19.22,-184.12,-21.443067249682713,24.51811293835341,56.76721416865348,-0.5110112061033203,0.6114798408074728,0.6041191534150341
,113,0,-0.66796875,-0.058641975308642014,0.66796875,0.058641975308642014,1696,2386,3067,1900,1747,2387,3066,1900,-241,-5,21,0,4800,5000,5000,4800,-38.38,40.12,-239.91,32.65971574377488,-0.4141094443266411,58.30007405247258,0.8438951790182401,-0.0034018717539620073,0.5364973011100269
,114,0,0.08203125,0.441358024691358,-0.08203125,-0.441358024691358,2184,2712,2579,1574,2184,2713,2579,1605,0,0,-1,-116,4900,5000,5000,4900,-44.04,64.91,-212.28,3.269682102550547,-23.098097978992094,63.926723741840874,0.12956359307912463,-0.6195049327298099,0.7742266552320846
,115,0,-0.29296875,-0.39197530864197533,0.29296875,0.39197530864197533,1940,2168,2823,2118,1955,2197,2822,2119,-44,-101,22,0,5000,4900,5000,5000,-43.76,23.56,-219.69,13.693313939218427,17.596370288579074,63.58444935885551,0.4047261061416198,0.4462559167642809,0.7981556463248966
,116,0,0.45703125,0.10802469135802473,-0.45703125,-0.10802469135802473,2429,2494,2334,1792,2430,2494,2357,1798,0,0,-76,-16,5000,5000,5000,5000,-47.28,46.67,-193.68,-13.951689779061155,-3.535812794206869,67.07260181709526,-0.3408168792618103,-0.10319379934685086,0.9344489791243832
,117,0,-0.48046875,0.6080246913580247,0.48046875,-0.6080246913580247,1818,2820,2945,1466,1847,2821,2943,1505,-104,0,21,-154,5100,4800,4900,5000,-36.51,69.66,-228.47,19.089367779950294,-29.039737677380735,56.45584944475851,0.49112618660581886,-0.6923782121031516,0.5285900871515378
,118,0,0.26953125,-0.6697530864197531,-0.26953125,0.6697530864197531,2307,1987,2456,2299,2307,2042,2460,2299,0,-247,-25,0,5100,5000,4800,5000,-37.56,10.09,-205.69,0.736941645398133,32.04272705953133,57.314194736410926,0.058620958383299254,0.8166419080385408,0.574159888248383
,119,0,-0.10546875,-0.16975308641975317,0.10546875,0.16975308641975317,2062,2313,2701,1973,2069,2318,2700,1974,-22,-18,21,9,5000,5000,5000,5000,-48.17,32.11,-213.29,6.670742811424276,9.548793627212085,67.99246531101508,0.2221694805078269,0.2935231983183507,0.9297767764253141
,120,0,0.64453125,0.33024691358024705,-0.64453125,-0.33024691358024705,2551,2639,2212,1647,2551,2640,2244,1665,0,-1,-129,-53,4900,5000,5000,5000,-42.02,57.96,-185.91,-22.513602539881333,-14.237481013761403,61.812131572461155,-0.5576455608762123,-0.3598572671527518,0.7480201706587913
,121,0,-0.57421875,-0.5030864197530864,0.57421875,0.5030864197530864,1757,2096,3006,2190,1795,2127,3005,2191,-153,-115,22,-2,5100,5000,4900,4800,-36.84,19.75,-230.47,24.743664035379084,20.589803232725856,56.68952209591946,0.6703231162236971,0.501023506479417,0.5473959862944027
,122,0,0.17578125,-0.0030864197530864335,-0.17578125,0.0030864197530864335,2246,2422,2517,1864,2246,2423,2522,1866,0,-7,-25,-12,5000,5000,5000,4900,-49.51,41.15,-208.33,1.0572146308545598,0.8999614296033442,69.33589487134039,0.059778976789012166,0.025783871373934716,0.997878582749941
,123,0,-0.19921875,0.49691358024691334,0.19921875,-0.49691358024691334,2001,2748,2762,1538,2008,2749,2761,1574,-23,0,19,-143,4900,4900,5000,4900,-42.9,66.35,-218.09,8.96168510330179,-24.962900906247818,62.807388277407824,0.21883626215911745,-0.6421968376907494,0.7346386268256165
,124,0,0.55078125,-0.3364197530864198,-0.55078125,0.3364197530864198,2490,2205,2273,2081,2491,2229,2299,2082,0,-71,-97,-5,5000,5000,5000,4900,-43.96,29.07,-189.12,-17.198930123223448,14.343633933072638,63.70261444714578,-0.412973008806006,0.35731379215950304,0.837723192904619
,125,0,-0.38671875,0.1635802469135803,0.38671875,-0.1635802469135803,1879,2531,2884,1755,1906,2531,2883,1763,-91,-8,21,-22,4900,4900,5000,5000,-45.37,47.33,-226.66,18.896453730957916,-6.617072804874816,65.26445229566458,0.5305732242655045,-0.17470222245003444,0.8294402854717906
,126,0,0.36328125,0.6635802469135801,-0.36328125,-0.6635802469135801,2368,2857,2395,1429,2369,2858,2407,1476,0,0,-39,-204,5100,4800,5000,4700,-38.160000000000004,73.62,-207.04,-2.5780349733547325,-31.413674300469417,58.04867173102545,-0.07437038446599992,-0.8244254183853644,0.5610630761638984
,127,0,-0.01171875,-0.6141975308641976,0.01171875,0.6141975308641976,2123,2024,2640,2262,2124,2072,2640,2262,0,-210,0,0,5000,5000,5000,5000,-39.64,12.46,-208.17000000000002,3.0304170785439055,29.50195748638159,59.40660014973629,0.10638884914747422,0.7757188747159028,0.6220463328294519
,128,0,0.73828125,-0.1141975308641976,-0.73828125,0.1141975308641976,2612,2350,2151,1936,2613,2352,2197,1938,0,-14,-210,-2,4900,5000,5000,4900,-41.42,40.69,-179.01,-28.126590035073008,3.4906416795107233,61.15567353792122,-0.7255548272964069,0.10797810570588676,0.679640288148848
,129,0,-0.744140625,0.3858024691358024,0.744140625,-0.3858024691358024,1646,2676,3117,1610,1701,2677,3116,1630,-265,-5,23,-55,5100,4900,5000,5000,-34.14,56.2,-239.8,31.382871813535473,-16.452323750449757,54.09276476402246,0.815842146482224,-0.3840840304314576,0.4322974087255265
,130,0,0.005859375,-0.44753086419753085,-0.005859375,0.44753086419753085,2135,2132,2628,2154,2136,2167,2628,2155,0,-132,0,-6,5000,4900,5000,4900,-43.6,19.62,-209.91,4.229136982099163,22.24263732314357,63.38656765719492,0.15223489125217926,0.5827980545051128,0.7982298951746251
,131,0,-0.369140625,0.052469135802468925,0.369140625,-0.052469135802468925,1890,2458,2873,1828,1916,2459,2872,1833,-86,0,20,-15,4900,5000,5000,5000,-45.87,42.06,-226.47,19.092049893835764,-1.3462086519081211,65.75305563380105,0.5711549622528661,-0.018962668050694274,0.8206231938681275
,132,0,0.380859375,0.5524691358024689,-0.380859375,-0.5524691358024689,2379,2784,2384,1502,2380,2784,2397,1536,0,0,-41,-132,5000,5000,5000,4900,-41.300000000000004,70.09,-205.01,-4.35272001003878,-27.737184403967014,61.17522175645051,-0.11721715920442105,-0.7079834517005602,0.6964334639477099
,133,0,-0.556640625,-0.2808641975308642,0.556640625,0.2808641975308642,1768,2241,2995,2045,1804,2260,2994,2046,-143,-57,20,0,5100,4900,5000,4900,-40.53,32.05,-233.27,26.623311489098057,8.125986120049632,60.413268654358546,0.7267903824936537,0.19856275792713632,0.6575321825424963
,134,0,0.193359375,0.21913580246913567,-0.193359375,-0.21913580246913567,2257,2567,2506,1719,2257,2568,2511,1733,0,0,-25,-38,5000,5000,5000,4900,-48.19,53.54,-210.04,1.8576706730584363,-11.585046833914085,68.04653891412731,0.0742643707487682,-0.3109213798894716,0.9475297877982075
,135,0,-0.181640625,0.7191358024691357,0.181640625,-0.7191358024691357,2013,2893,2750,1393,2017,2894,2749,1445,-16,0,18,-237,4900,4900,5000,4700,-37.1,76.77,-217.04,7.167014465064057,-35.290974627363575,57.025610824803366,0.1401852125602961,-0.8676176213869841,0.4770615989976733
,136,0,0.568359375,-0.7067901234567902,-0.568359375,0.7067901234567902,2502,1963,2261,2323,2502,2018,2283,2323,0,-257,-82,0,5000,5000,4700,4900,-35.160000000000004,12.06,-191.25,-13.801663847367394,31.13159691315673,54.87425781466558,-0.32139073979527405,0.7860381158202552,0.5280644589930188
,137,0,-0.650390625,-0.20679012345679015,0.650390625,0.20679012345679015,1707,2289,3056,1997,1756,2294,3056,1998,-222,-17,22,0,5000,4900,4800,4900,-38.76,35.31,-238.57,31.675021997355657,4.482061488711182,58.6661183397363,0.8211336490227202,0.14031518964144335,0.5532189241146026
,138,0,0.099609375,0.29320987654320985,-0.099609375,-0.29320987654320985,2196,2615,2567,1671,2196,2616,2567,1692,0,0,-7,-60,5000,5000,4900,5000,-47.17,57.15,-212.63,4.178854751262321,-15.37757824743894,67.04184495449584,0.13711222383708496,-0.4149937993492732,0.8994333686138758
,139,0,-0.275390625,-0.5401234567901234,0.275390625,0.5401234567901234,1951,2072,2812,2214,1964,2111,2812,2215,-36,-163,5,-3,5000,4900,5000,4800,-40.730000000000004,16.5,-217.43,11.965976350281238,24.796207112211214,60.53309645122333,0.348894680759511,0.6354707411154467,0.6888029028132101
,140,0,0.474609375,-0.040123456790123524,-0.474609375,0.040123456790123524,2440,2398,2323,1888,2441,2399,2347,1888,0,0,-86,0,5000,5000,5000,4900,-47.12,40.51,-192.1,-15.07516092113724,2.7230946836094176,66.89514822581671,-0.4044019164537434,0.06815902725331162,0.9120380677210911
,141,0,-0.462890625,0.45987654320987637,0.462890625,-0.45987654320987637,1829,2724,2934,1562,1859,2725,2933,1591,-106,0,19,-97,4900,4900,5000,4900,-40.25,62.550000000000004,-228.92000000000002,20.04883475135611,-21.973415035679473,60.18260506515561,0.5259037645150322,-0.5350029226616055,0.6612088196723166
,142,0,0.287109375,-0.37345679012345684,-0.287109375,0.37345679012345684,2318,2181,2445,2105,2318,2210,2452,2106,0,-94,-31,-9,4900,4900,5000,4900,-45.56,24.25,-204.46,-1.5514089636225776,18.02926133420044,65.3394504865519,-0.01224762674932882,0.47094235855241284,0.8820789593682076
,143,0,-0.087890625,0.12654320987654322,0.087890625,-0.12654320987654322,2074,2506,2689,1780,2079,2507,2688,1789,-19,-14,21,-25,5000,5000,5000,5000,-48.910000000000004,48.04,-212.65,4.861947655521078,-6.289651006421387,68.76319981219443,0.14811313066329987,-0.1601952254433082,0.9759098269155221
,144,0,0.662109375,0.6265432098765431,-0.662109375,-0.6265432098765431,2563,2832,2200,1454,2564,2833,2231,1495,0,0,-120,-168,4900,4900,4900,4500,-35.31,72.53,-190.01,-19.473918759857952,-29.084127420082986,55.14456732431768,-0.4644059506610926,-0.7000604573214707,0.5424412125617117
,145,0,-0.697265625,-0.6512345679012346,0.697265625,0.6512345679012346,1676,1999,3087,2287,1724,2045,3087,2287,-220,-193,22,0,4800,4600,4900,4900,-31.240000000000002,16.02,-234.92000000000002,29.471409737906015,23.970680841332424,51.09546389387498,0.7423458971153917,0.5685453301709757,0.3545120259973152
,146,0,0.052734375,-0.15123456790123457,-0.052734375,0.15123456790123457,2165,2325,2598,1961,2166,2331,2598,1962,0,-20,0,0,5000,5000,5000,5000,-48.51,33.1,-211.68,4.991492452805602,8.680308913585307,68.3295892278107,0.1747092298156376,0.2459872974702033,0.9533975742052906
,147,0,-0.322265625,0.3487654320987654,0.322265625,-0.3487654320987654,1921,2651,2842,1635,1942,2652,2841,1659,-66,-2,22,-71,5000,5000,5000,5000,-44.47,57.88,-223.25,14.72446284981038,-16.890594287487424,64.37571812060483,0.42243289802052564,-0.43143560962377175,0.7971284472521006
,148,0,0.427734375,-0.4845679012345679,-0.427734375,0.4845679012345679,2410,2108,2353,2178,2411,2142,2371,2179,-4,-132,-56,-5,4900,5000,5000,5000,-42.34,19.48,-197.86,-7.774450305594058,23.263128535290335,62.08957501548089,-0.16713766513391448,0.5951014722052181,0.7860783921930214
,149,0,-0.509765625,0.015432098765432167,0.509765625,-0.015432098765432167,1799,2434,2964,1852,1837,2434,2963,1853,-154,-1,22,0,5000,4900,5000,5000,-42.81,39.28,-232.55,25.368385196307344,0.9734537216124366,62.705896031183855,0.7048114525089539,0.020921496331664128,0.7090861071854835
,150,0,0.240234375,0.515432098765432,-0.240234375,-0.515432098765432,2288,2760,2475,1526,2288,2760,2479,1561,0,0,-23,-132,5000,4900,5000,5000,-42.72,68.0,-211.41,2.1792054706791077,-26.118960872143553,62.6104228278691,0.05151143432531298,-0.6916890507916034,0.7203560433207733
,151,0,-0.134765625,-0.3179012345679013,0.134765625,0.3179012345679013,2043,2217,2720,2069,2045,2243,2719,2070,-16,-85,12,-9,5000,4900,5000,4800,-46.44,26.830000000000002,-213.13,6.90343192587676,14.822368572847815,66.25115457803881,0.21745661862185978,0.38416764005880666,0.8972891637310652
,152,0,0.615234375,0.18209876543209869,-0.615234375,-0.18209876543209869,2532,2543,2231,1743,2532,2544,2262,1751,0,-1,-124,-20,5000,5000,5000,5000,-44.12,50.24,-185.73,-22.132959260517794,-6.520322163691013,63.89572701703658,-0.5525254446762237,-0.18070938919400045,0.8136705412158365
,153,0,-0.603515625,0.6820987654320985,0.603515625,-0.6820987654320985,1738,2869,3025,1417,1777,2870,3025,1460,-156,0,20,-176,5100,4900,5100,5000,-32.49,71.67,-232.48000000000002,22.952737450558004,-31.34753250258506,52.452218863275164,0.5713454700830388,-0.7254576623501895,0.3837649462274931
,154,0,0.146484375,-0.595679012345679,-0.146484375,0.595679012345679,2226,2036,2537,2250,2226,2082,2538,2251,0,-196,0,-8,5000,5000,5100,4900,-40.11,13.51,-209.33,4.108918369875113,28.37078199007722,59.882285929592584,0.13078221105407323,0.7566583382821599,0.6405967314776814
,155,0,-0.228515625,-0.0956790123456791,0.228515625,0.0956790123456791,1982,2362,2781,1924,1997,2364,2780,1925,-43,-15,23,0,5000,5000,5000,5000,-47.7,36.51,-219.97,13.01136299860056,4.669685724344021,67.5518501567782,0.41270958053414053,0.15567256907574087,0.8974613380935655
,156,0,0.521484375,0.4043209876543208,-0.521484375,-0.4043209876543208,2471,2688,2292,1598,2472,2689,2316,1621,0,0,-84,-73,5000,4900,4900,5000,-43.54,62.190000000000005,-194.05,-14.71019942495252,-19.049604041559995,63.365602457688865,-0.35880396614174614,-0.49439177433342224,0.7917300596493752
,157,0,-0.416015625,-0.42901234567901236,0.416015625,0.42901234567901236,1860,2144,2903,2142,1885,2173,2902,2143,-81,-106,21,0,5000,4900,4900,4900,-41.410000000000004,22.85,-224.93,18.978040678828705,17.91482832677584,61.24897344042773,0.5268809145544601,0.45293062951315416,0.7192011865445398
,158,0,0.333984375,0.07098765432098753,-0.333984375,-0.07098765432098753,2349,2470,2414,1816,2349,2470,2428,1822,0,0,-47,-15,5000,5000,5000,4900,-48.75,45.08,-200.23000000000002,-7.306985789177332,-2.4271287975263363,68.55928560402738,-0.1719569924833008,-0.06611746909302978,0.9828831431135798
,159,0,-0.041015625,0.5709876543209875,0.041015625,-0.5709876543209875,2104,2796,2659,1490,2105,2796,2658,1531,0,0,18,-160,4900,4900,5000,4900,-40.81,70.53,-210.0,0.5929626331625002,-28.543069747989996,60.7013314684864,0.03753652148403535,-0.7574734860091309,0.6517859522481704
,160,0,0.708984375,-0.26234567901234573,-0.708984375,0.26234567901234573,2593,2253,2170,2033,2594,2269,2209,2034,0,-42,-163,-2,5000,5000,4900,4900,-41.53,35.32,-180.8,-25.947874170802493,8.715140779438002,61.26010695036727,-0.6415800592120766,0.2115206468471582,0.7373154301781482
,161,0,-0.720703125,0.23765432098765427,0.720703125,-0.23765432098765427,1661,2579,3102,1707,1716,2580,3101,1717,-265,0,20,-23,4800,4800,4800,4900,-36.81,49.84,-242.25,34.28502526019841,-10.28308537619683,56.75716024023603,0.8459573022315157,-0.22770707602911952,0.4821884800857913
,162,0,0.029296875,0.7376543209876543,-0.029296875,-0.7376543209876543,2150,2905,2613,1381,2151,2906,2614,1433,0,0,-19,-237,5100,4900,4800,4900,-35.64,77.68,-213.71,3.78347003204712,-35.95761877844971,55.55734223710465,0.11410997720465564,-0.897060006768234,0.4269218398715735
,163,0,-0.345703125,-0.7376543209876543,0.345703125,0.7376543209876543,1906,1943,2857,2343,1923,2000,2856,2343,-43,-271,22,-3,5000,4900,4800,5000,-34.21,8.66,-217.72,12.849048461905369,32.57900602386926,53.99793579930619,0.38742309033575173,0.8025717715298933,0.4536318999123243
,164,0,0.404296875,-0.23765432098765427,-0.404296875,0.23765432098765427,2395,2269,2368,2017,2396,2277,2388,2018,0,-21,-68,0,5000,5000,5000,5000,-46.76,30.400000000000002,-196.48000000000002,-9.964419433646128,12.483803643750832,66.52774920097833,-0.2527075458677925,0.35938592208213216,0.8983210201652042
,165,0,-0.533203125,0.2623456790123455,0.533203125,-0.2623456790123455,1783,2595,2980,1691,1818,2596,2979,1707,-139,0,21,-42,5000,4900,5000,5000,-41.57,51.21,-233.45000000000002,25.394533862819998,-10.993208685907994,61.49312768080661,0.6936989970867068,-0.25955661152074655,0.6718720613753526
,166,0,0.216796875,-0.5709876543209876,-0.216796875,0.5709876543209876,2272,2052,2491,2234,2272,2095,2493,2236,0,-182,-22,-3,5000,5000,4900,4900,-40.76,14.48,-208.51,3.2181085412523487,27.465009661301764,60.53177367978796,0.11929335983297605,0.7314630015007473,0.6713650063380409
,167,0,-0.158203125,-0.07098765432098764,0.158203125,0.07098765432098764,2028,2378,2735,1908,2036,2380,2734,1908,-27,-15,20,0,5000,5000,5000,5000,-48.43,37.39,-216.99,9.972749866000242,4.012263536227401,68.27457160862596,0.31810079001038516,0.1397348368857537,0.9377025449231119
,168,0,0.591796875,0.42901234567901225,-0.591796875,-0.42901234567901225,2517,2704,2246,1582,2517,2705,2274,1608,0,0,-111,-86,5000,4900,5000,5000,-41.6,63.39,-190.01,-18.82171234278286,-19.95448577780453,61.41576898533138,-0.4486565374575706,-0.495696181602319,0.7436347268259222
,169,0,-0.626953125,-0.404320987654321,0.626953125,0.404320987654321,1722,2160,3041,2126,1763,2184,3041,2128,-178,-76,23,-8,5000,4900,5100,5000,-37.32,25.75,-234.74,28.560689775069733,14.293910346327493,57.194841069972014,0.7605304792585942,0.34509050918844675,0.5500053914160772
,170,0,0.123046875,0.095679012345679,-0.123046875,-0.095679012345679,2211,2486,2552,1800,2211,2486,2553,1809,0,-10,0,-20,5000,5000,5000,4900,-49.13,46.7,-211.74,4.052049222719319,-4.886025520778276,68.97767597543492,0.1382451269250313,-0.12347497610715645,0.9826709597605999
,171,0,-0.251953125,0.5956790123456788,0.251953125,-0.5956790123456788,1967,2812,2796,1474,1979,2812,2795,1517,-32,0,20,-175,5000,4900,4900,4900,-40.08,70.41,-220.56,11.135386230450422,-29.199504735312438,60.003264277762355,0.2565724026691833,-0.7432485446234613,0.6178609901132046
,172,0,0.498046875,-0.6820987654320988,-0.498046875,0.6820987654320988,2456,1979,2307,2307,2457,2033,2326,2307,0,-248,-66,0,5100,5000,5100,4900,-36.31,11.86,-195.14000000000001,-9.910809619784516,31.04838159943592,56.035691666102295,-0.2277368209484098,0.781642876640981,0.5806637183264718
,173,0,-0.439453125,-0.1820987654320988,0.439453125,0.1820987654320988,1845,2305,2918,1981,1876,2310,2917,1982,-110,-17,23,0,5000,5000,5000,5000,-43.96,33.84,-228.53,21.754904342728423,6.696221551196999,63.832476915759244,0.6234779361437405,0.1869874874468551,0.7591514622789413
,174,0,0.310546875,0.3179012345679011,-0.310546875,-0.3179012345679011,2333,2631,2430,1655,2333,2632,2441,1675,0,0,-36,-60,5000,5000,5000,4900,-46.79,58.26,-204.41,-4.099286791476061,-15.88260649909683,66.6390806767643,-0.08140091380420636,-0.4224143461194861,0.902740279052778
,175,0,-0.064453125,-0.5154320987654322,0.064453125,0.5154320987654322,2089,2088,2674,2198,2090,2128,2673,2199,0,-164,23,-12,5000,4800,4900,5000,-41.86,16.3,-208.1,2.6725499075497225,25.682481206841075,61.63425183659221,0.11759189342758526,0.6717095692396684,0.7314221771261618
,176,0,0.685546875,-0.015432098765432167,-0.685546875,0.015432098765432167,2578,2414,2185,1872,2579,2415,2224,1872,0,0,-168,0,4900,4900,4900,5000,-42.46,41.29,-181.11,-26.0792654368355,2.7406089399121,62.20329602669372,-0.6770437027367248,0.07572572963740923,0.7320365007671592
,177,0,-0.673828125,0.4845679012345676,0.673828125,-0.4845679012345676,1692,2740,3071,1546,1740,2741,3069,1574,-216,-1,21,-94,4800,5000,5000,5000,-34.64,61.7,-236.4,27.587202429666377,-21.687012773732327,54.593688668307436,0.7252269222791726,-0.5143141936951946,0.45774099812573177
,178,0,0.076171875,-0.3487654320987654,-0.076171875,0.3487654320987654,2181,2197,2582,2089,2181,2226,2582,2090,0,-94,0,-1,5000,5000,5000,4800,-46.09,24.98,-210.20000000000002,4.118034649462231,16.881469211485374,65.88843351095726,0.1465906213804734,0.4478273740000409,0.8820214469158413
,179,0,-0.298828125,0.15123456790123446,0.298828125,-0.15123456790123446,1936,2523,2827,1763,1956,2523,2826,1772,-62,0,19,-26,5000,5000,5000,5000,-46.79,47.57,-222.97,15.19470381997482,-6.582583472040852,66.67369254574872,0.4488802986595492,-0.17245364354671766,0.8767931445345454
,180,0,0.451171875,0.6512345679012344,-0.451171875,-0.6512345679012344,2425,2849,2338,1437,2426,2850,2356,1482,0,0,-60,-190,4900,4900,5100,4700,-38.53,75.01,-201.69,-8.016621113351363,-32.40672677940535,58.40522126743781,-0.18736964923029592,-0.7961182864310091,0.5754027185871382
,181,0,0.0,0.0,-0.0,-0.0,2131,2424,2632,1862,2132,2429,2632,1863,0,-17,4,-10,5000,5000,5000,5000,-49.33,43.32,-209.21,1.7762021920562177,-1.3291358562491453,69.16303025077757,0.07053012619139555,-0.058067603591691795,0.9958180831419678
