DATE: 2026-5-13
TIME: 19-03-27
NUM_CABLES: 4
num_coils: 1
NUM_MEASUREMENTS: 182
---
,0,0,0.0,0.0,-0.0,-0.0,2131,2424,2632,1862,2132,2427,2633,1870,0,-15,-22,-23,5000,5000,5000,5000,-49.480000000000004,41.32,-209.29,2.0022429939591575,0.6599466123144353,69.30916884639177,0.07096796825172381,0.008292442432595892,0.9974441251923459
,1,0,0.0,0.0,-0.0,-0.0,2131,2424,2632,1862,2132,2426,2633,1870,0,-16,-20,-21,5000,5000,5000,5000,-49.51,41.300000000000004,-209.15,1.8640009061461456,0.690228191051844,69.3387010516305,0.07047123425712862,0.007561602688229933,0.9974851514218456
,2,0,0.0,-0.25,-0.0,0.25,2131,2261,2632,2025,2132,2286,2631,2026,-1,-83,20,0,5000,5000,5000,5000,-47.68,27.84,-207.54,1.250851628894793,14.227867949239425,67.47618722850183,0.05331685877976424,0.36389510777330625,0.929912718005573
,3,0,-0.375,0.25,0.375,-0.25,1887,2587,2876,1699,1917,2588,2875,1720,-110,0,20,-63,5000,4900,5000,5000,-43.77,52.730000000000004,-226.02,17.866738586859384,-11.959212600075794,63.6735943100027,0.5291459461496404,-0.3074870573384,0.7908579374595504
,4,0,0.375,-0.5833333333333334,-0.375,0.5833333333333334,2375,2044,2388,2242,2375,2089,2402,2242,12,-192,-48,0,5000,5000,5100,4800,-39.44,13.31,-198.93,-6.246423145373939,29.331442268287656,59.18019339122708,-0.120102270722385,0.7343012908552244,0.6681145551592766
,5,0,-0.5625,-0.08333333333333337,0.5625,0.08333333333333337,1764,2370,2999,1916,1809,2371,2997,1916,-206,0,20,0,5100,5000,5000,5000,-39.980000000000004,37.83,-233.52,26.450291973971787,2.341982850693306,59.87589501575985,0.7771703102255496,0.05859735723159236,0.6265561895228523
,6,0,0.1875,0.4166666666666665,-0.1875,-0.4166666666666665,2253,2696,2510,1590,2252,2697,2514,1623,13,0,-20,-124,5000,5000,5000,5000,-44.62,64.22,-211.72,2.7601256269316536,-22.367571704912258,64.50359769777394,0.06908241692201755,-0.601721700586842,0.7957126458182574
,7,0,-0.1875,-0.4166666666666667,0.1875,0.4166666666666667,2009,2152,2754,2134,2017,2185,2753,2135,-26,-123,20,3,5000,5000,5000,5000,-43.52,20.44,-214.92000000000002,9.165710494151597,21.05724018991819,63.323515324617276,0.28177032207815633,0.5316318923816715,0.7987321306912946
,8,0,0.5625,0.08333333333333337,-0.5625,-0.08333333333333337,2498,2478,2265,1808,2497,2478,2297,1815,1,-4,-134,-17,4900,4900,5000,4800,-46.21,45.33,-186.81,-20.701785203986987,-1.6980182202550793,65.97892779877499,-0.5223916604398816,-0.0758326627561971,0.8493270043759165
,9,0,-0.65625,0.5833333333333333,0.65625,-0.5833333333333333,1703,2804,3060,1482,1751,2804,3059,1521,-212,0,20,-152,5000,5000,5100,4800,-31.330000000000002,69.68,-234.77,25.38586661601849,-29.533474836021718,51.29512023024155,0.6617221761281201,-0.6482749179470605,0.3766475705231581
,10,0,0.09375,-0.6944444444444444,-0.09375,0.6944444444444444,2192,1971,2571,2315,2191,2029,2572,2315,14,-280,-20,0,5000,4900,4900,4900,-35.18,7.36,-207.77,3.018435991800544,34.60742175731341,54.93494597797849,0.1098362828537239,0.8559007153250646,0.5053414256469775
,11,0,-0.28125,-0.19444444444444442,0.28125,0.19444444444444442,1948,2297,2815,1989,1971,2301,2814,1990,-74,-16,20,-1,5000,5000,5000,5000,-45.660000000000004,30.18,-221.81,15.316564480449898,10.843049744779819,65.50448042972145,0.4695779180354555,0.31301905959800447,0.8255396097231604
,12,0,0.46875,0.3055555555555556,-0.46875,-0.3055555555555556,2437,2623,2326,1663,2437,2623,2348,1685,16,0,-78,-76,5000,5000,5000,4900,-45.32,57.29,-194.42000000000002,-13.986948253065691,-14.185906516758429,65.13666262877386,-0.33999828165278845,-0.3900851558086561,0.8557071576718797
,13,0,-0.46875,-0.5277777777777778,0.46875,0.5277777777777778,1825,2080,2938,2206,1858,2116,2937,2207,-124,-142,19,0,5100,5000,5000,5000,-36.94,16.12,-226.47,21.020407434197352,24.503599605336355,56.76988524355316,0.5659810133357056,0.5912576061774113,0.5745258355207757
,14,0,0.28125,-0.02777777777777779,-0.28125,0.02777777777777779,2314,2406,2449,1880,2313,2408,2460,1883,15,-15,-40,-13,5000,5000,5000,5000,-49.02,40.2,-201.8,-5.384077563670132,2.3251887528701047,68.82405315579818,-0.12273982079899011,0.06007995493138324,0.9906186629605129
,15,0,-0.09375,0.4722222222222219,0.09375,-0.4722222222222219,2070,2732,2693,1554,2074,2733,2692,1592,-18,0,20,-144,5000,4900,4900,4900,-43.230000000000004,66.82000000000001,-213.36,4.209019324150347,-25.08399388561167,63.123939192793756,0.09935897182268492,-0.6467882194662673,0.7561698181480104
,16,0,0.65625,-0.36111111111111116,-0.65625,0.36111111111111116,2559,2189,2204,2097,2558,2214,2237,2097,15,-75,-135,0,5000,5000,5000,5000,-40.84,28.5,-182.97,-23.28152278823194,15.356046814352538,60.562728043244576,-0.5663737266502563,0.3848031788121576,0.7287985423533441
,17,0,-0.703125,0.13888888888888884,0.703125,-0.13888888888888884,1673,2515,3090,1771,1730,2515,3089,1776,-285,0,22,-17,4800,4800,4900,5000,-36.660000000000004,43.550000000000004,-244.13,36.62172656372428,-4.14825677797527,56.59998171580115,0.8674425368800701,-0.09867575435917504,0.4876541199587231
,18,0,0.046875,0.6388888888888888,-0.046875,-0.6388888888888888,2162,2840,2601,1446,2163,2841,2602,1497,0,1,-19,-236,4800,5000,5100,4900,-37.61,75.15,-211.27,1.529925139456509,-33.251020524740575,57.51470303933233,0.10646534303598272,-0.8314345123730738,0.545327225037573
,19,0,-0.328125,-0.6388888888888888,0.328125,0.6388888888888888,1917,2008,2846,2278,1936,2058,2845,2278,-54,-222,20,0,5000,5000,5100,5000,-36.480000000000004,11.13,-218.53,13.46914557110739,30.06141257273501,56.27545699349193,0.4020485450839611,0.7358994075840471,0.5448018257250238
,20,0,0.421875,-0.13888888888888895,-0.421875,0.13888888888888895,2406,2333,2357,1953,2406,2337,2380,1954,14,-17,-77,0,5000,5000,5000,4800,-47.28,34.71,-194.48000000000002,-12.276642702737576,8.333278520966232,67.05049651948494,-0.32124580243464634,0.22531256580509887,0.9198018167564375
,21,0,-0.515625,0.36111111111111116,0.515625,-0.36111111111111116,1795,2659,2968,1627,1832,2660,2967,1650,-151,0,18,-71,5000,4900,4800,5000,-40.38,56.64,-235.3,26.84471736531907,-16.546949751753935,60.319915005024455,0.6358920680610892,-0.4047741378796792,0.6571142785549206
,22,0,0.234375,-0.4722222222222222,-0.234375,0.4722222222222222,2284,2116,2479,2170,2283,2153,2483,2171,14,-145,-25,0,5000,4900,4900,4900,-42.910000000000004,17.55,-205.98000000000002,0.4635550812482734,24.593711645116358,62.68035063634065,0.049768118890575225,0.6319276465345113,0.7734278142706322
,23,0,-0.140625,0.02777777777777768,0.140625,-0.02777777777777768,2039,2442,2724,1844,2052,2442,2723,1851,-37,0,19,-19,5000,5000,5000,4900,-48.660000000000004,42.68,-216.69,9.284900301012414,-1.240953748884273,68.5145114580673,0.2751125137422739,-0.03118027368513329,0.9609062885189831
,24,0,0.609375,0.5277777777777777,-0.609375,-0.5277777777777777,2528,2768,2235,1518,2527,2768,2263,1553,12,0,-106,-135,5000,4800,4800,4900,-39.7,66.07000000000001,-191.71,-17.317375167904885,-22.756250329207255,59.5264608943141,-0.43778102642742467,-0.6359533887230429,0.6355399753531078
,25,0,-0.609375,-0.3055555555555556,0.609375,0.3055555555555556,1734,2225,3029,2061,1778,2245,3029,2061,-200,-61,21,0,5000,4900,4900,5000,-37.42,29.27,-235.81,29.3693405112881,10.705153240325679,57.30532374252742,0.7809128996063466,0.2538700768871953,0.5707232492983779
,26,0,0.140625,0.19444444444444442,-0.140625,-0.19444444444444442,2223,2551,2540,1735,2223,2551,2543,1750,0,0,-21,-43,5000,5000,5000,4900,-48.21,53.44,-211.22,3.041764297120693,-11.571810397116117,68.06992878792053,0.10308044367622614,-0.30942472333355414,0.945320455042345
,27,0,-0.234375,0.6944444444444444,0.234375,-0.6944444444444444,1978,2877,2785,1409,1989,2878,2784,1462,-28,0,19,-240,5000,5000,5100,5000,-35.37,78.2,-213.32,3.3571625053773744,-36.448228020377435,55.287222884891904,0.19721913869159696,-0.8529367175792923,0.4833255291610482
,28,0,0.515625,-0.7314814814814815,-0.515625,0.7314814814814815,2467,1947,2296,2339,2467,2005,2315,2339,12,-278,-63,0,5000,4900,5000,4900,-33.52,8.98,-193.12,-11.70606948061669,34.06242907603766,53.23364601321303,-0.2674182109078288,0.8295824066596523,0.4901841807276475
,29,0,-0.421875,-0.2314814814814815,0.421875,0.2314814814814815,1856,2273,2907,2013,1888,2278,2906,2014,-127,-18,21,-5,5000,5000,5000,5000,-42.97,29.73,-227.52,21.051935645502624,10.866967717834719,62.83097233554135,0.6030212781284321,0.29022576160597935,0.7430574307713917
,30,0,0.328125,0.2685185185185184,-0.328125,-0.2685185185185184,2345,2599,2418,1687,2344,2600,2430,1708,14,0,-41,-61,5000,5000,5000,4900,-47.15,56.61,-202.12,-6.26313001978167,-14.06829169806209,66.98871518029932,-0.14728719243408683,-0.361558455228415,0.920642148936125
,31,0,-0.046875,-0.5648148148148149,0.046875,0.5648148148148149,2100,2056,2663,2230,2102,2100,2662,2231,-13,-190,20,0,4900,5000,5000,5000,-39.980000000000004,12.97,-206.96,1.7852932576300304,29.0828435491002,59.74395779107462,0.08033160192230221,0.7427692480182541,0.6647109732289623
,32,0,0.703125,-0.06481481481481488,-0.703125,0.06481481481481488,2589,2382,2174,1904,2589,2383,2217,1904,13,0,-189,0,5000,4900,5000,4900,-41.77,40.14,-179.42000000000002,-27.67836715883911,4.009884887324866,61.50579172419482,-0.7144113367173345,0.09146264539881485,0.6937225861008143
,33,0,-0.7265625,0.4351851851851851,0.7265625,-0.4351851851851851,1657,2708,3106,1578,1711,2709,3105,1603,-265,0,19,-87,5000,4900,4800,4800,-34.72,58.89,-240.43,31.81219946427987,-19.179959567471037,54.68020039284403,0.7770076826942653,-0.45609682345909924,0.4338602870332887
,34,0,0.0234375,-0.39814814814814814,-0.0234375,0.39814814814814814,2146,2164,2617,2122,2147,2197,2618,2123,0,-123,-5,0,4900,5000,4900,5000,-44.77,21.16,-209.17000000000002,3.374802947462541,20.763714736263893,64.55746532107447,0.1305132402938551,0.5383683447661207,0.8325417824120216
,35,0,-0.3515625,0.10185185185185197,0.3515625,-0.10185185185185197,1902,2490,2861,1796,1930,2490,2860,1806,-92,-4,21,-25,5000,5000,5100,5000,-45.67,44.77,-227.04,19.462325205268996,-4.0911608494186,65.56035475906145,0.5454832289198102,-0.10625601450135222,0.8313589515663536
,36,0,0.3984375,0.6018518518518519,-0.3984375,-0.6018518518518519,2391,2816,2372,1470,2391,2817,2388,1512,13,4,-53,-175,5000,4900,4900,4900,-38.21,76.93,-198.9,-10.938992996437435,-34.11766348404334,58.08066284485366,-0.16662439522225603,-0.7702149996601642,0.6156339539168635
,37,0,-0.5390625,-0.6759259259259259,0.5390625,0.6759259259259259,1780,1983,2983,2303,1812,2036,2982,2303,-127,-244,20,-7,4900,5000,5000,4800,-31.82,10.620000000000001,-228.13,23.09411350072864,29.855410201615534,51.64369109085224,0.6090470303335093,0.681573105853587,0.4056104241991688
,38,0,0.2109375,-0.17592592592592593,-0.2109375,0.17592592592592593,2269,2309,2494,1977,2269,2314,2502,1978,6,-17,-31,0,5000,5000,5000,4900,-48.22,31.150000000000002,-206.16,-0.3697569716997009,11.029222887880344,68.01877135573223,0.01737481184670467,0.31587394150194026,0.9486420657936906
,39,0,-0.1640625,0.3240740740740742,0.1640625,-0.3240740740740742,2024,2635,2739,1651,2032,2636,2738,1675,-27,0,19,-82,5000,5000,5000,5000,-46.050000000000004,58.57,-218.56,9.99194318289338,-17.231190302768447,65.94283392890317,0.2405823806370301,-0.44809740958973643,0.8610045468207399
,40,0,0.5859375,-0.5092592592592593,-0.5859375,0.5092592592592593,2513,2092,2250,2194,2512,2127,2279,2195,14,-133,-114,0,4800,5000,5000,4800,-39.410000000000004,19.36,-188.71,-16.88250427558407,24.04720114396941,59.13147038175528,-0.39941195818287634,0.6065704038799158,0.6874172188689165
,41,0,-0.6328125,-0.0092592592592593,0.6328125,0.0092592592592593,1718,2418,3045,1868,1767,2419,3045,1868,-228,-3,21,0,4800,4900,5000,4800,-38.22,38.38,-240.5,33.37620642670939,1.2775675195564773,58.138302141637396,0.8361376834075335,0.02427098006429417,0.5479823846736337
,42,0,0.1171875,0.4907407407407405,-0.1171875,-0.4907407407407405,2207,2744,2556,1542,2207,2745,2558,1581,4,3,-20,-152,5000,5000,5100,4800,-41.86,68.60000000000001,-210.47,1.2002179719603134,-26.650357607160267,61.74879588576141,0.11330578690363576,-0.6944641750380243,0.7105500040411685
,43,0,-0.2578125,-0.3425925925925926,0.2578125,0.3425925925925926,1963,2201,2800,2085,1979,2230,2799,2085,-47,-95,20,0,5000,5000,4900,5000,-44.53,24.76,-219.47,13.38366968327341,16.417487226541724,64.35623635071383,0.39478549620679143,0.41805693301392305,0.8181520718935751
,44,0,0.4921875,0.15740740740740744,-0.4921875,-0.15740740740740744,2452,2527,2311,1759,2453,2527,2336,1770,0,-4,-90,-29,5000,5000,5000,4900,-46.14,50.31,-191.37,-16.519141498909363,-6.99917715325882,65.9330409443477,-0.39909907119616134,-0.1982095689297235,0.8952278470618829
,45,0,-0.4453125,0.6574074074074074,0.4453125,-0.6574074074074074,1841,2853,2922,1433,1870,2854,2921,1479,-101,0,18,-204,5000,4700,5000,4900,-30.44,73.81,-219.22,9.577469388426096,-32.51394933390983,50.366223647145226,0.4402791557953287,-0.7754395474604178,0.4526011193164857
,46,0,0.3046875,-0.6203703703703703,-0.3046875,0.6203703703703703,2330,2020,2433,2266,2329,2069,2439,2266,14,-218,-28,0,5100,4800,5000,4900,-39.07,11.89,-203.45000000000002,-1.6333976943023174,30.415284827789353,58.82105345474224,-0.011304511248337666,0.7758097193648079,0.6308656650702548
,47,0,-0.0703125,-0.12037037037037046,0.0703125,0.12037037037037046,2085,2346,2678,1940,2092,2349,2677,1942,-24,-16,22,-12,5000,5000,5000,4900,-48.63,33.95,-212.27,5.5172111572629206,7.789602760406666,68.45313028363199,0.1810344399449089,0.22575380063389844,0.957215625161428
,48,0,0.6796875,0.37962962962962976,-0.6796875,-0.37962962962962976,2574,2671,2189,1615,2575,2672,2225,1638,5,0,-153,-70,4900,4900,4900,4800,-40.2,61.24,-184.44,-24.214952134096848,-17.404963673321397,59.99439584919179,-0.578000954022642,-0.4229320056446373,0.6978849588222402
,49,0,-0.6796875,-0.4537037037037037,0.6796875,0.4537037037037037,1688,2128,3075,2158,1740,2155,3074,2159,-249,-92,22,0,4800,5000,5000,5000,-33.58,21.23,-236.14000000000001,30.299233635875993,18.69056311476534,53.44985646682066,0.7836124284333924,0.4300671051698988,0.4483233733093845
,50,0,0.0703125,0.04629629629629617,-0.0703125,-0.04629629629629617,2177,2454,2586,1832,2177,2454,2587,1840,0,-1,-2,-20,5000,5000,5000,5000,-49.43,44.88,-211.48000000000002,3.9253718941595537,-3.051182280806536,69.27314702166275,0.1282843939250884,-0.08078922316669931,0.9884413061458903
,51,0,-0.3046875,0.5462962962962961,0.3046875,-0.5462962962962961,1932,2780,2831,1506,1950,2780,2830,1545,-53,0,19,-158,5000,4900,4900,4800,-38.28,70.62,-216.18,6.756997606737997,-29.091802107221007,58.1903624040671,0.33139088527881916,-0.7067163222164529,0.6250856909792223
,52,0,0.4453125,-0.2870370370370371,-0.4453125,0.2870370370370371,2421,2237,2342,2049,2421,2258,2362,2049,15,-66,-67,0,5000,5000,5000,4900,-45.86,29.310000000000002,-193.95000000000002,-12.40504941314552,13.75436894965381,65.61781013345546,-0.28839701148864644,0.3456068778900924,0.8929630729876125
,53,0,-0.4921875,0.2129629629629629,0.4921875,-0.2129629629629629,1810,2563,2953,1723,1846,2564,2952,1735,-148,0,19,-32,5000,4900,5000,5000,-41.82,49.43,-234.09,26.16263935005628,-9.264375765838345,61.74142326063212,0.6677832849862873,-0.2343681811576474,0.7064963127672925
,54,0,0.2578125,0.7129629629629628,-0.2578125,-0.7129629629629628,2299,2889,2464,1397,2298,2889,2468,1450,12,12,-22,-244,4800,4800,5100,4900,-35.910000000000004,76.61,-213.64000000000001,3.7913581302660475,-34.88475634402321,55.824931427287936,0.05049937802138685,-0.8838296251677938,0.4650752697093348
,55,0,-0.1171875,-0.712962962962963,0.1171875,0.712962962962963,2055,1959,2708,2327,2058,2018,2707,2328,-13,-287,21,-7,5000,5100,4900,5000,-34.68,6.7700000000000005,-209.22,4.509242087781416,35.08835561958679,54.43815648100309,0.14909683877428853,0.8616854729171759,0.4850446148871435
,56,0,0.6328125,-0.21296296296296302,-0.6328125,0.21296296296296302,2544,2285,2219,2001,2544,2290,2253,2002,1,-18,-144,-2,5000,4900,5000,5000,-42.86,33.34,-183.42000000000002,-23.193559975767954,10.500675997494163,62.594017479642915,-0.6028253986770188,0.2850420581898172,0.7452198090314066
,57,0,-0.5859375,0.287037037037037,0.5859375,-0.287037037037037,1749,2611,3014,1675,1790,2612,3013,1692,-177,-4,22,-45,4800,4900,4900,5000,-40.04,51.78,-240.3,32.188667838969735,-12.067514004324671,59.98517821316881,0.7368647054724589,-0.2888329463133589,0.6112331265179687
,58,0,0.1640625,-0.5462962962962963,-0.1640625,0.5462962962962963,2238,2068,2525,2218,2238,2110,2527,2219,0,-180,-20,-6,5000,4800,5000,4900,-41.300000000000004,14.280000000000001,-208.29,3.0118114176324013,27.68183083288409,61.07068932841936,0.11987754696869245,0.7225432487282045,0.6808528676961428
,59,0,-0.2109375,-0.04629629629629628,0.2109375,0.04629629629629628,1993,2394,2770,1892,2008,2395,2769,1894,-49,0,20,-14,5000,5000,5000,5000,-47.82,38.37,-220.09,12.99427119176309,2.80617109131709,67.67603180853692,0.40280345883441276,0.0903491509076888,0.9108163395994243
,60,0,0.5390625,0.4537037037037035,-0.5390625,-0.4537037037037035,2482,2720,2281,1566,2482,2721,2308,1598,13,0,-96,-114,5000,4900,4900,5000,-41.69,65.33,-193.23000000000002,-15.752947494727977,-22.125202184802667,61.51956006265516,-0.37559747972536756,-0.5691738105680438,0.7314148662608687
,61,0,-0.3984375,-0.37962962962962965,0.3984375,0.37962962962962965,1871,2177,2892,2109,1896,2204,2891,2110,-83,-92,21,-7,5000,5000,5000,4900,-41.93,24.16,-225.16,19.109836608014007,16.592671947848075,61.77235890326635,0.5353270352176906,0.41060584202636674,0.7381245205646917
,62,0,0.3515625,0.12037037037037046,-0.3515625,-0.12037037037037046,2360,2502,2403,1784,2360,2502,2419,1793,0,0,-55,-23,5000,5000,5000,4900,-48.29,48.69,-199.05,-8.747249287171428,-5.941902912672859,68.1031014571724,-0.2076113950966761,-0.16055916397164732,0.964944694524374
,63,0,-0.0234375,0.6203703703703702,0.0234375,-0.6203703703703702,2116,2828,2647,1458,2117,2828,2645,1506,-3,0,20,-212,5000,5000,5000,5000,-38.77,75.96000000000001,-207.46,-2.3325567621236587,-33.776784351734854,58.664749107187845,0.008427583915950875,-0.8150668010986991,0.5793056926839869
,64,0,0.7265625,-0.6574074074074074,-0.7265625,0.6574074074074074,2605,1995,2158,2291,2605,2045,2195,2291,10,-224,-150,-8,5000,4900,4900,4900,-33.35,15.52,-182.73,-22.54722670151685,28.30165847807763,53.045411506802864,-0.5464763685683863,0.6992580982512817,0.46087057904178486
,65,0,-0.73828125,-0.15740740740740744,0.73828125,0.15740740740740744,1650,2321,3113,1965,1709,2324,3112,1966,-294,-17,23,0,5100,5100,5000,5000,-33.99,37.67,-239.21,32.153977745815354,2.070658284637318,53.9029433504671,0.9011239519814359,0.06115428094901273,0.42922695288969104
,66,0,0.01171875,0.34259259259259256,-0.01171875,-0.34259259259259256,2139,2647,2624,1639,2140,2648,2625,1664,0,0,-20,-83,5000,5000,5000,5000,-45.59,61.09,-211.99,3.2561654128637656,-19.263608037819857,65.46799081478731,0.1285140935437325,-0.5177319877757899,0.8458355139117549
,67,0,-0.36328125,-0.49074074074074076,0.36328125,0.49074074074074076,1894,2104,2869,2182,1916,2142,2868,2184,-68,-152,20,0,5000,5000,4900,5000,-39.87,17.8,-222.58,17.009219355453126,23.12006581996591,59.69146092487286,0.48496377124929085,0.564927026712972,0.6675833993329274
,68,0,0.38671875,0.0092592592592593,-0.38671875,-0.0092592592592593,2383,2430,2380,1856,2383,2431,2400,1858,7,0,-67,-12,5000,5000,5000,5000,-48.26,42.71,-196.48000000000002,-10.871627392630842,0.21038995362121682,68.05300003611782,-0.27448625667968685,-0.0032044260437264775,0.9615856834144855
,69,0,-0.55078125,0.5092592592592591,0.55078125,-0.5092592592592591,1772,2756,2991,1530,1809,2756,2990,1562,-149,0,19,-119,5000,5000,5000,4800,-36.61,65.36,-233.13,24.05189151308855,-25.092858577879234,56.56122293268514,0.6114803980188579,-0.5834520577502705,0.534486126242463
,70,0,0.19921875,-0.32407407407407407,-0.19921875,0.32407407407407407,2261,2213,2502,2073,2261,2240,2506,2073,2,-92,-22,-5,5000,5000,5000,5000,-46.31,25.27,-207.89000000000001,1.7923605801522626,16.76216220611274,66.1019890349042,0.07897607694218431,0.4324359479489247,0.8981992708705215
,71,0,-0.17578125,0.17592592592592582,0.17578125,-0.17592592592592582,2016,2539,2747,1747,2028,2539,2746,1760,-35,0,20,-34,5000,5000,5000,4900,-47.68,50.78,-218.35,10.349158932111408,-9.443086880959676,67.5561974960265,0.28964755584023905,-0.24491119344379692,0.9252690423448259
,72,0,0.57421875,0.6759259259259258,-0.57421875,-0.6759259259259258,2505,2865,2258,1421,2505,2866,2283,1470,0,0,-91,-210,4900,4900,4900,5000,-35.58,75.12,-194.67000000000002,-15.017232425327819,-32.00829059014821,55.434078412959536,-0.3456072871404578,-0.7909980788840262,0.5048540801827727
,73,0,-0.64453125,-0.6018518518518519,0.64453125,0.6018518518518519,1711,2032,3052,2254,1755,2074,3052,2254,-190,-171,21,0,5000,4900,5000,4800,-31.43,15.22,-232.64000000000001,27.255687335734365,24.93616751236403,51.27687427002522,0.7244079079342869,0.5656456455210342,0.3940535326898655
,74,0,0.10546875,-0.10185185185185186,-0.10546875,0.10185185185185186,2200,2358,2563,1928,2200,2362,2564,1930,1,-17,-21,-11,5000,5000,5000,5000,-48.870000000000005,34.99,-211.52,4.692262471453546,6.807954721196289,68.69297772034086,0.156588500336316,0.17719371569449358,0.9716390423818934
,75,0,-0.26953125,0.39814814814814814,0.26953125,-0.39814814814814814,1955,2684,2808,1602,1972,2685,2807,1632,-51,0,20,-103,5000,5000,5000,5000,-43.59,61.77,-222.03,13.224983674692254,-20.68263352941583,63.49998951477873,0.3583778702032039,-0.5236567740353337,0.7728834874387749
,76,0,0.48046875,-0.43518518518518523,-0.48046875,0.43518518518518523,2444,2140,2319,2146,2445,2171,2340,2147,7,-110,-72,0,5000,5000,5000,4900,-42.68,21.78,-193.43,-12.362175413404941,21.29498943091842,62.420795185464314,-0.2869057699828237,0.5388337787537422,0.7920500224256838
,77,0,-0.45703125,0.06481481481481477,0.45703125,-0.06481481481481477,1833,2466,2930,1820,1868,2466,2928,1824,-137,-14,21,-13,5000,5000,4900,5000,-43.480000000000004,42.35,-231.05,23.645327628512973,-1.9767425356075279,63.37762116987665,0.6563553927534466,-0.05256545359248862,0.7526184102797948
,78,0,0.29296875,0.5648148148148147,-0.29296875,-0.5648148148148147,2322,2792,2441,1494,2322,2792,2448,1535,0,2,-29,-161,5000,5000,4900,5000,-40.76,71.8,-208.16,-1.335077511239433,-29.67481717574993,60.648331833266525,-0.029334321412830613,-0.7517409836531214,0.6588057309127526
,79,0,-0.08203125,-0.26851851851851855,0.08203125,0.26851851851851855,2078,2249,2685,2037,2081,2272,2684,2039,-16,-71,21,-12,5000,4900,5000,4900,-47.13,28.11,-211.48000000000002,5.162008615821833,13.668393586488016,66.93874936136191,0.16762407196271323,0.3501569419848586,0.9215705542596571
,80,0,0.66796875,0.2314814814814815,-0.66796875,-0.2314814814814815,2566,2575,2197,1711,2567,2576,2233,1724,0,0,-152,-33,5000,5000,4900,4800,-42.11,53.42,-183.15,-24.933431350833644,-9.507099949263214,61.8844054288826,-0.6120048902947692,-0.2572133397683283,0.74785781543052
,81,0,-0.69140625,0.7314814814814814,0.69140625,-0.7314814814814814,1680,2901,3083,1385,1731,2902,3082,1430,-234,0,20,-192,5000,5000,5000,4800,-28.87,73.60000000000001,-236.55,26.88065762721405,-33.57903527551682,48.84860422513527,0.6148464988652771,-0.752403643081565,0.2363314213360138
,82,0,0.05859375,-0.7438271604938271,-0.05859375,0.7438271604938271,2169,1939,2594,2347,2170,1998,2595,2347,0,-290,-19,0,5100,4800,4800,4800,-33.93,5.83,-207.48000000000002,2.845046097270739,36.15172834143259,53.68093117793781,0.11398474831430637,0.8905566956842922,0.4403592271357549
,83,0,-0.31640625,-0.24382716049382724,0.31640625,0.24382716049382724,1925,2265,2838,2021,1950,2270,2837,2022,-81,-18,20,-7,5000,5000,5000,5000,-44.57,28.1,-222.95000000000002,16.609194700565666,12.831362979362574,64.41369282655273,0.49605544218631414,0.36745975874582437,0.7867034536467988
,84,0,0.43359375,0.25617283950617287,-0.43359375,-0.25617283950617287,2414,2591,2349,1695,2414,2591,2369,1713,0,0,-65,-53,5000,5000,5000,5000,-46.32,55.38,-195.83,-12.443551102158182,-12.382192144864383,66.13703241000147,-0.2982622669950505,-0.33289676360101234,0.8945498112855118
,85,0,-0.50390625,-0.5771604938271605,0.50390625,0.5771604938271605,1803,2048,2960,2238,1837,2086,2959,2239,-135,-153,21,-1,5100,5000,4900,5000,-35.11,14.14,-226.43,21.131023451236274,26.47704200378741,54.93571262442208,0.5780050577311288,0.6272923273280852,0.5219334146349991
,86,0,0.24609375,-0.07716049382716061,-0.24609375,0.07716049382716061,2291,2374,2472,1912,2291,2376,2481,1913,0,-14,-34,-12,5000,5000,5000,4900,-49.04,36.7,-204.06,-2.8735245989028044,5.650055004006319,68.84375653503417,-0.05031504764371448,0.14491148338887933,0.9881644893248518
,87,0,-0.12890625,0.4228395061728394,0.12890625,-0.4228395061728394,2047,2700,2716,1586,2054,2701,2715,1618,-21,0,20,-117,4900,5000,5000,5000,-44.28,64.46000000000001,-214.78,5.795250304483602,-22.83211236290368,64.1734156740535,0.15582214675577508,-0.5824663220535607,0.7977796953130728
,88,0,0.62109375,-0.4104938271604938,-0.62109375,0.4104938271604938,2536,2156,2227,2130,2536,2183,2256,2131,0,-91,-114,0,5000,4900,5000,5000,-41.01,25.0,-185.24,-20.761430011637344,18.680520180472243,60.73246087836063,-0.49629036155377343,0.4668350849777403,0.7319568842921356
,89,0,-0.59765625,0.08950617283950613,0.59765625,-0.08950617283950613,1741,2482,3022,1804,1786,2482,3021,1808,-203,-12,20,-13,5000,4900,5000,5000,-39.65,42.79,-237.24,29.797419418522622,-2.8782158618649873,59.56740956822745,0.7942095414017522,-0.07021735029836923,0.6035732996608577
,90,0,0.15234375,0.5895061728395061,-0.15234375,-0.5895061728395061,2230,2808,2533,1478,2230,2808,2535,1523,0,0,-20,-193,5000,5000,5100,4700,-39.56,73.16,-212.77,3.166203423423923,-31.371965755716012,59.465176456844816,0.10512596422894036,-0.7877959423414338,0.6068987435110635
,91,0,-0.22265625,-0.6882716049382716,0.22265625,0.6882716049382716,1986,1975,2777,2311,1995,2032,2776,2311,-26,-273,22,-3,5000,5000,5100,4800,-36.14,8.8,-213.36,8.48496747496199,32.763520295424044,55.91492605045296,0.27077864059375845,0.8117333093393787,0.5174630057377412
,92,0,0.52734375,-0.18827160493827166,-0.52734375,0.18827160493827166,2475,2301,2288,1985,2476,2306,2316,1986,0,-17,-104,0,5000,5000,4900,4900,-45.34,33.29,-188.99,-17.642080515749285,10.14767544450811,65.09086877969709,-0.46687976153460214,0.27772276970206095,0.8395792705030352
,93,0,-0.41015625,0.31172839506172845,0.41015625,-0.31172839506172845,1864,2627,2899,1659,1893,2628,2898,1678,-104,-6,20,-57,5000,5000,5000,5000,-43.08,56.01,-228.47,20.071551073683565,-15.411617032743614,62.99779439047052,0.5265686505027007,-0.37807056988459126,0.7614381790368179
,94,0,0.33984375,-0.5216049382716049,-0.33984375,0.5216049382716049,2353,2084,2410,2202,2353,2123,2421,2203,0,-159,-37,-4,5000,5000,5000,5000,-41.38,16.09,-201.23000000000002,-4.162129234716815,26.394660968282803,61.13289267425546,-0.07008287488007622,0.6700944823907913,0.7389599280867409
,95,0,-0.03515625,-0.021604938271605034,0.03515625,0.021604938271605034,2108,2410,2655,1876,2113,2412,2654,1880,-16,-15,20,-14,5000,5000,5000,5000,-49.35,40.1,-210.98000000000002,3.777540380160758,1.7524209872134762,69.18181528054126,0.1198520271232511,0.05114483427734293,0.9914734981436418
,96,0,0.71484375,0.47839506172839474,-0.71484375,-0.47839506172839474,2597,2736,2166,1550,2598,2737,2205,1582,0,0,-167,-112,4900,4900,5000,4900,-37.74,65.33,-184.27,-24.677369541304756,-21.477055830719657,57.5422874496371,-0.5836765046286072,-0.5394390887870392,0.6068996683415968
,97,0,-0.71484375,-0.3549382716049383,0.71484375,0.3549382716049383,1665,2193,3098,2093,1722,2214,3097,2094,-279,-61,22,-8,4900,4900,4800,4900,-34.2,27.44,-238.48000000000002,32.17565887800299,12.327097359624354,54.08972512041815,0.8445044143750927,0.28268041369165436,0.45486709906971423
,98,0,0.03515625,0.1450617283950617,-0.03515625,-0.1450617283950617,2154,2519,2609,1767,2155,2520,2610,1779,0,0,-21,-34,5000,5000,5000,4900,-48.72,50.83,-212.27,4.278889162782775,-9.044693302467671,68.57776858224169,0.13180383852003655,-0.23769316170783794,0.9623563316301897
,99,0,-0.33984375,0.6450617283950615,0.33984375,-0.6450617283950615,1909,2845,2854,1441,1929,2846,2853,1490,-58,0,19,-219,5000,5000,5000,4700,-36.76,73.2,-223.79,14.161629299073496,-32.22640406931554,56.69885308794014,0.34967408964626234,-0.7772137424374875,0.5231317516614462
,100,0,0.41015625,-0.6327160493827161,-0.41015625,0.6327160493827161,2398,2012,2365,2274,2399,2062,2379,2274,0,-224,-42,-5,5100,5000,5000,5000,-38.02,12.13,-197.89000000000001,-7.192969623655301,30.581310235040657,57.75461286732188,-0.15323703404952765,0.7672255726312733,0.6228028035392251
,101,0,-0.52734375,-0.13271604938271608,0.52734375,0.13271604938271608,1787,2337,2976,1949,1829,2339,2975,1950,-179,-15,21,0,5000,5000,5000,4900,-41.43,35.49,-233.08,26.178918259189658,4.711235869807915,61.31974280494737,0.732481495558693,0.12039182101775933,0.6700572125543678
,102,0,0.22265625,0.3672839506172838,-0.22265625,-0.3672839506172838,2276,2663,2487,1623,2276,2664,2492,1650,0,0,-27,-87,5000,5000,5000,4900,-45.730000000000004,62.02,-209.81,1.0134309673815096,-20.030905541800387,65.60325628500324,0.030056396324414394,-0.5305714954461067,0.8471071368251311
,103,0,-0.15234375,-0.4660493827160494,0.15234375,0.4660493827160494,2032,2120,2731,2166,2037,2157,2730,2167,-18,-142,20,-6,5000,5000,5000,4900,-42.67,17.84,-212.37,6.815740874204749,23.83531559656199,62.460416361387786,0.22530876326018875,0.6015131254706634,0.7664319415869083
,104,0,0.59765625,0.033950617283950546,-0.59765625,-0.033950617283950546,2521,2446,2242,1840,2521,2447,2275,1843,4,-8,-139,-13,5000,5000,4900,5000,-44.54,43.46,-185.05,-22.31505944010516,0.29222607938915246,64.29973934395197,-0.5725938293900605,-0.004602761605276941,0.8198262749692955
,105,0,-0.62109375,0.5339506172839505,0.62109375,-0.5339506172839505,1726,2772,3037,1514,1770,2772,3037,1546,-196,0,20,-114,5000,5000,5000,4900,-34.800000000000004,65.92,-235.53,26.409571685069494,-25.831470180217416,54.75969660550051,0.6558824916430639,-0.6001179295866853,0.45790460550717027
,106,0,0.12890625,-0.29938271604938277,-0.12890625,0.29938271604938277,2215,2229,2548,2057,2215,2256,2550,2057,0,-91,-21,-5,5000,5000,5000,5000,-46.56,26.09,-209.89000000000001,3.726100639960663,15.798263020772609,66.35976362944913,0.12309094247090008,0.4047516327061573,0.9061041527900233
,107,0,-0.24609375,0.2006172839506173,0.24609375,-0.2006172839506173,1971,2555,2792,1731,1989,2555,2791,1745,-52,-2,21,-39,5000,4900,4900,4900,-46.67,51.7,-221.61,13.535804578826003,-10.601983212111485,66.5580247575098,0.3782241373915564,-0.2714881509265407,0.8850088619900374
,108,0,0.50390625,0.7006172839506171,-0.50390625,-0.7006172839506171,2459,2881,2304,1405,2460,2882,2326,1453,0,0,-74,-214,5000,4900,4800,4700,-35.44,76.82000000000001,-199.47,-10.354462663449596,-34.05605082188473,55.31219247844574,-0.24192989841225537,-0.8396270903942151,0.48630882505911854
,109,0,-0.43359375,-0.7253086419753086,0.43359375,0.7253086419753086,1848,1951,2915,2335,1872,2009,2914,2335,-74,-272,21,0,5000,5000,4900,4900,-32.11,7.83,-222.28,17.463688901228807,33.06757827638239,51.910140126871966,0.4834045902979223,0.7668357330198686,0.4222356695528919
,110,0,0.31640625,-0.22530864197530875,-0.31640625,0.22530864197530875,2337,2277,2426,2009,2337,2284,2440,2010,0,-21,-49,0,5000,5000,5000,4900,-47.33,29.18,-200.88,-5.488454058419535,13.37911971614281,67.10864772076398,-0.11823211969582859,0.3661151917492706,0.923028077710871
,111,0,-0.05859375,0.27469135802469125,0.05859375,-0.27469135802469125,2093,2603,2670,1683,2096,2604,2669,1706,-14,0,20,-69,5000,5000,5000,4900,-47.28,56.64,-211.77,3.358262855826041,-14.805632140888072,67.14817741588725,0.10137552360755293,-0.39463476097283756,0.913228563200476
,112,0,0.69140625,-0.558641975308642,-0.69140625,0.558641975308642,2582,2060,2181,2226,2583,2098,2216,2227,3,-152,-142,0,5000,4900,5000,4900,-36.45,19.0,-183.36,-22.18311950246874,24.79187248487345,56.1544512668428,-0.525875221479011,0.6192137589957004,0.5831205468038456
,113,0,-0.66796875,-0.058641975308642014,0.66796875,0.058641975308642014,1696,2386,3067,1900,1750,2388,3066,1900,-258,0,21,0,5100,4900,5100,4800,-37.39,39.1,-239.66,32.48806114167394,0.6192284928714713,57.307225924547296,0.8529494691810137,0.011785066785858963,0.5218604365390046
,114,0,0.08203125,0.441358024691358,-0.08203125,-0.441358024691358,2184,2712,2579,1574,2184,2713,2580,1608,0,0,-20,-126,4900,4900,4900,5000,-44.050000000000004,65.86,-213.5,4.416684550957257,-24.13498753175086,63.942390226092044,0.11921640353504634,-0.6355643139788849,0.7627879468926596
,115,0,-0.29296875,-0.39197530864197533,0.29296875,0.39197530864197533,1940,2168,2823,2118,1957,2199,2822,2119,-51,-107,20,-12,5000,5000,5000,5000,-42.93,22.45,-220.46,14.545046787709197,18.645023575250327,62.75452319397371,0.428584764109969,0.46496477438168776,0.7746759700397248
,116,0,0.45703125,0.10802469135802473,-0.45703125,-0.10802469135802473,2429,2494,2334,1792,2430,2494,2357,1800,0,-1,-80,-18,5000,5000,5000,5000,-47.09,47.57,-193.14000000000001,-14.555694785981132,-4.394215382110552,66.88280469199631,-0.3577978785822269,-0.12578443940127984,0.9252885781671377
,117,0,-0.48046875,0.6080246913580247,0.48046875,-0.6080246913580247,1818,2820,2945,1466,1850,2821,2944,1507,-121,0,17,-166,4900,4900,4800,5000,-35.74,70.47,-230.08,20.637839178477634,-29.96737720630771,55.69242215135401,0.4984519071563133,-0.7049913964319217,0.5045124648700005
,118,0,0.26953125,-0.6697530864197531,-0.26953125,0.6697530864197531,2307,1987,2456,2299,2307,2042,2460,2300,0,-258,-25,-10,4900,5000,5100,4800,-36.96,9.07,-204.73000000000002,-0.143924051546378,33.12902062268594,56.70918075426232,0.03957149986258776,0.8280431835702592,0.5592661106677711
,119,0,-0.10546875,-0.16975308641975317,0.10546875,0.16975308641975317,2062,2313,2701,1973,2070,2318,2700,1974,-25,-18,21,0,5000,5000,5000,4900,-47.86,31.13,-213.81,7.262113404364101,10.487312347242828,67.68204070832087,0.2375181622340449,0.30749321421228665,0.9214298919735341
,120,0,0.64453125,0.33024691358024705,-0.64453125,-0.33024691358024705,2551,2639,2212,1647,2551,2640,2245,1666,0,0,-135,-56,5000,5000,5000,5000,-41.7,58.6,-185.54,-22.928621002351804,-14.849347068261729,61.49231974159983,-0.5553769375862871,-0.3827721190910637,0.7382695727468479
,121,0,-0.57421875,-0.5030864197530864,0.57421875,0.5030864197530864,1757,2096,3006,2190,1797,2128,3005,2192,-165,-121,22,0,5000,5000,4900,5000,-35.56,18.44,-231.03,25.40193198863733,21.85229700701783,55.40854872711462,0.6781430894846896,0.5194750545463724,0.5198726939243917
,122,0,0.17578125,-0.0030864197530864335,-0.17578125,0.0030864197530864335,2246,2422,2517,1864,2246,2424,2522,1868,0,-15,-25,-15,5000,5000,5000,5000,-49.5,41.480000000000004,-207.96,0.6640377839704286,0.5979634772133835,69.32544480786977,0.04054873853781229,0.016809379251521126,0.9990361577901827
,123,0,-0.19921875,0.49691358024691334,0.19921875,-0.49691358024691334,2001,2748,2762,1538,2010,2749,2760,1577,-28,0,18,-148,5000,4900,4900,4800,-42.01,67.41,-217.32,8.118587005957039,-25.965593365134346,61.91722344371365,0.2309866682766856,-0.6525748475206901,0.7216586640938949
,124,0,0.55078125,-0.3364197530864198,-0.55078125,0.3364197530864198,2490,2205,2273,2081,2491,2230,2300,2081,0,-77,-104,-3,5000,5000,5000,4900,-43.45,28.32,-188.45000000000002,-17.810641161824663,15.139591413247636,63.18903748601251,-0.42698496799080526,0.3754670873041607,0.8226228196817911
,125,0,-0.38671875,0.1635802469135803,0.38671875,-0.1635802469135803,1879,2531,2884,1755,1908,2531,2882,1764,-104,0,20,-25,5000,5000,5000,5000,-45.01,48.58,-227.75,19.892871979029223,-7.9444596110395835,64.91034081359959,0.5423851420414972,-0.19734678974490827,0.8166226804773451
,126,0,0.36328125,0.6635802469135801,-0.36328125,-0.6635802469135801,2368,2857,2395,1429,2369,2858,2407,1478,0,0,-37,-218,4900,5000,5100,5000,-37.63,75.71000000000001,-206.05,-3.717124577357083,-33.42663875195738,57.51994780391455,-0.09187500125402234,-0.8298040882075917,0.5504399688781155
,127,0,-0.01171875,-0.6141975308641976,0.01171875,0.6141975308641976,2123,2024,2640,2262,2124,2073,2640,2262,0,-217,0,-8,5100,5000,5000,4700,-38.75,11.38,-207.64000000000001,2.5836296756122863,30.615895471494756,58.51277512105136,0.09510481250675465,0.7884076656294768,0.6077568818324761
,128,0,0.73828125,-0.1141975308641976,-0.73828125,0.1141975308641976,2612,2350,2151,1936,2612,2352,2198,1937,4,-13,-212,0,5000,4900,4800,5000,-40.79,40.04,-178.46,-28.62561270003698,4.177795688878042,60.5226682083523,-0.7324744369201144,0.12442744479404487,0.6693272818588721
,129,0,-0.744140625,0.3858024691358024,0.744140625,-0.3858024691358024,1646,2676,3117,1610,1704,2677,3116,1632,-289,0,19,-65,4800,4900,5000,4800,-33.9,56.46,-242.48000000000002,34.03726585219749,-16.908714873657992,53.86146532569143,0.8222967815616649,-0.3968857251362515,0.40781089271425797
,130,0,0.005859375,-0.44753086419753085,-0.005859375,0.44753086419753085,2135,2132,2628,2154,2136,2167,2629,2155,0,-135,-19,0,5000,5000,4900,5000,-43.29,18.47,-209.75,4.154810541386325,23.400567983915124,63.07372238384701,0.14565793064563645,0.6005855391126758,0.7861811352664017
,131,0,-0.369140625,0.052469135802468925,0.369140625,-0.052469135802468925,1890,2458,2873,1828,1919,2458,2872,1834,-105,0,22,-14,5000,5000,5000,5000,-45.39,42.160000000000004,-227.15,19.764267351787538,-1.4968988755344128,65.27533589825694,0.5848226316438419,-0.03299491624403961,0.8104898673143427
,132,0,0.380859375,0.5524691358024689,-0.380859375,-0.5524691358024689,2379,2784,2384,1502,2380,2783,2398,1539,0,0,-44,-142,4900,5000,5000,5000,-40.86,70.78,-203.69,-5.718496478394314,-28.329516521166987,60.73261888544796,-0.1357799868713536,-0.72433752793456,0.6759430011405296
,133,0,-0.556640625,-0.2808641975308642,0.556640625,0.2808641975308642,1768,2241,2995,2045,1807,2261,2994,2046,-161,-60,20,0,5100,5000,4900,5000,-39.64,30.580000000000002,-233.74,27.2024310539976,9.555534381698024,59.52169011201434,0.7393396877645846,0.22650121142060856,0.6340930746516351
,134,0,0.193359375,0.21913580246913567,-0.193359375,-0.21913580246913567,2257,2567,2506,1719,2257,2568,2512,1735,0,0,-25,-48,5000,5000,5000,5000,-47.96,54.68,-209.68,1.4156928529103823,-12.696094235306411,67.817782977906,0.05204508223728762,-0.3398797470458741,0.939027724278121
,135,0,-0.181640625,0.7191358024691357,0.181640625,-0.7191358024691357,2013,2893,2750,1393,2019,2893,2749,1447,-20,13,20,-253,5000,5000,5100,5000,-35.230000000000004,78.26,-215.13,5.158283583073654,-36.64112675454506,55.15286164853724,0.14696433689741067,-0.8771645816010787,0.45714743843196776
,136,0,0.568359375,-0.7067901234567902,-0.568359375,0.7067901234567902,2502,1963,2261,2323,2502,2019,2283,2323,0,-263,-81,-5,4900,4800,5000,4900,-34.24,10.78,-190.22,-14.732346852549767,32.48159694695555,53.948499178406735,-0.33604598961057,0.7963782411798648,0.5028466862194859
,137,0,-0.650390625,-0.20679012345679015,0.650390625,0.20679012345679015,1707,2289,3056,1997,1758,2294,3055,1998,-238,-17,22,-3,4800,5100,4900,5000,-37.27,32.95,-237.35,30.635710236243142,6.921790821484919,57.167568425313505,0.8269263273978823,0.17087594956871194,0.5357184511618414
,138,0,0.099609375,0.29320987654320985,-0.099609375,-0.29320987654320985,2196,2615,2567,1671,2196,2616,2568,1695,-1,0,-19,-73,5000,5000,5000,5000,-46.980000000000004,58.18,-212.98000000000002,4.452914089545146,-16.430901677560847,66.85502624382639,0.12761652940728546,-0.4420972325154678,0.8878423612467498
,139,0,-0.275390625,-0.5401234567901234,0.275390625,0.5401234567901234,1951,2072,2812,2214,1967,2113,2812,2215,-44,-174,21,-3,5000,4800,4800,5000,-39.52,14.8,-217.38,12.044292155703687,26.49254502828489,59.31946376003877,0.363820180254759,0.65464261203766,0.6626295548373201
,140,0,0.474609375,-0.040123456790123524,-0.474609375,0.040123456790123524,2440,2398,2323,1888,2441,2399,2348,1888,0,0,-88,0,4900,5000,4900,4900,-46.9,40.39,-191.42000000000002,-15.743889821614147,2.8921419983606924,66.6728316428943,-0.4146668515069533,0.06747619100612341,0.9074681073782236
,141,0,-0.462890625,0.45987654320987637,0.462890625,-0.45987654320987637,1829,2724,2934,1562,1861,2725,2933,1593,-117,0,20,-106,5000,4900,5100,4900,-39.56,63.17,-230.43,21.51128039052503,-22.70405125636959,59.498482659813206,0.5405289663672953,-0.5467011209852712,0.6394891092359208
,142,0,0.287109375,-0.37345679012345684,-0.287109375,0.37345679012345684,2318,2181,2445,2105,2318,2210,2453,2105,0,-97,-32,-7,5000,5000,5000,4900,-45.4,23.17,-203.44,-2.4889828704807258,19.18079227764587,65.17412760408713,-0.03256592079655025,0.49388480547733704,0.8689172916459228
,143,0,-0.087890625,0.12654320987654322,0.087890625,-0.12654320987654322,2074,2506,2689,1780,2081,2506,2688,1791,-21,-9,21,-31,5000,5000,5000,5000,-48.68,48.72,-213.69,5.849931928147612,-7.04461220971654,68.53776543468793,0.1706930204920758,-0.18652543519865225,0.9675082194892428
,144,0,0.662109375,0.6265432098765431,-0.662109375,-0.6265432098765431,2563,2832,2200,1454,2564,2833,2231,1497,0,0,-126,-177,5100,4800,4900,4900,-35.28,72.68,-189.23,-20.262729767230553,-29.1765871781732,55.11249883851421,-0.4678346146961071,-0.7108037943131733,0.5252511202102678
,145,0,-0.697265625,-0.6512345679012346,0.697265625,0.6512345679012346,1676,1999,3087,2287,1726,2046,3087,2287,-229,-198,21,-5,5000,4700,5000,5000,-28.72,13.040000000000001,-234.35,29.128793142338992,26.978730862802617,48.567629062092,0.7371911668052628,0.5985199890677517,0.31356499528906984
,146,0,0.052734375,-0.15123456790123457,-0.052734375,0.15123456790123457,2165,2325,2598,1961,2166,2331,2599,1962,0,-22,-1,0,5000,5000,5000,5000,-48.35,32.18,-211.62,4.999593715602771,9.60186618495269,68.16751959730888,0.16911434211427093,0.2591401509908541,0.9509188826791141
,147,0,-0.322265625,0.3487654320987654,0.322265625,-0.3487654320987654,1921,2651,2842,1635,1944,2652,2841,1661,-71,0,18,-82,5000,4800,4900,4900,-43.89,58.45,-224.3,15.731498916624275,-17.53737987771158,63.80009084500509,0.43636235157789255,-0.4432453466390544,0.7830207282110967
,148,0,0.427734375,-0.4845679012345679,-0.427734375,0.4845679012345679,2410,2108,2353,2178,2411,2144,2372,2180,0,-136,-62,-12,5000,5000,4900,5000,-41.89,18.64,-197.26,-8.309922415724031,24.143845928413434,61.636026238916074,-0.18758085452536333,0.6115711198835773,0.7686313735074058
,149,0,-0.509765625,0.015432098765432167,0.509765625,-0.015432098765432167,1799,2434,2964,1852,1839,2434,2963,1853,-176,-12,20,0,4800,4900,5000,5000,-42.14,39.5,-232.98000000000002,25.78302438793827,0.7209902772412704,62.03766212750949,0.7161954504288861,0.011915423744749297,0.6977980362984326
,150,0,0.240234375,0.515432098765432,-0.240234375,-0.515432098765432,2288,2760,2475,1526,2288,2760,2479,1563,-3,0,-25,-141,5000,5000,4900,4900,-42.08,69.28,-210.07,0.7507870737862561,-27.29868988848164,61.96897109045777,0.03382894687081478,-0.7076937384852982,0.7057089873753303
,151,0,-0.134765625,-0.3179012345679013,0.134765625,0.3179012345679013,2043,2217,2720,2069,2047,2244,2719,2070,-17,-90,19,-11,5000,5000,5000,4900,-46.07,25.8,-213.44,7.289209534174205,15.826017401559092,65.87998795027872,0.23639481158522957,0.4086897251532236,0.8815271984515093
,152,0,0.615234375,0.18209876543209869,-0.615234375,-0.18209876543209869,2532,2543,2231,1743,2532,2543,2263,1752,0,0,-128,-24,5000,5000,5000,4900,-43.88,50.94,-185.35,-22.56258248884737,-7.191111504819382,63.65600730256104,-0.5600066780797284,-0.20271915869216853,0.8033040913659324
,153,0,-0.603515625,0.6820987654320985,0.603515625,-0.6820987654320985,1738,2869,3025,1417,1779,2870,3024,1462,-168,0,19,-187,4700,4800,5000,5000,-31.82,72.82000000000001,-233.49,23.87760129954401,-32.57002547705509,51.78766052256293,0.5733431710151907,-0.7404090842282598,0.3508161858331462
,154,0,0.146484375,-0.595679012345679,-0.146484375,0.595679012345679,2226,2036,2537,2250,2226,2083,2539,2250,0,-210,-22,0,4900,5000,5000,4900,-39.61,12.22,-208.0,2.8785650822336493,29.7537100150573,59.37558990107591,0.11737766528125705,0.7701834359996984,0.6269289900816677
,155,0,-0.228515625,-0.0956790123456791,0.228515625,0.0956790123456791,1982,2362,2781,1924,1999,2364,2780,1925,-55,-16,21,0,5000,5000,5000,4900,-47.38,35.67,-220.43,13.532656037907827,5.472959420309593,67.2315301034884,0.4245498708786331,0.16832464042388473,0.8896202687456634
,156,0,0.521484375,0.4043209876543208,-0.521484375,-0.4043209876543208,2471,2688,2292,1598,2472,2689,2316,1624,0,0,-82,-86,5000,5000,5000,4900,-42.88,63.04,-193.31,-15.508640277254585,-19.84454060528146,62.70509654171698,-0.36969426287087237,-0.5083057691591352,0.7777862155116289
,157,0,-0.416015625,-0.42901234567901236,0.416015625,0.42901234567901236,1860,2144,2903,2142,1887,2174,2902,2143,-97,-107,20,0,5000,5000,4900,5000,-40.54,21.14,-225.11,19.285487548792503,19.605043235586194,60.376018696936015,0.5366776750279296,0.4800098226992407,0.6939507498654786
,158,0,0.333984375,0.07098765432098753,-0.333984375,-0.07098765432098753,2349,2470,2414,1816,2349,2471,2429,1823,0,-1,-50,-19,5000,5000,5000,5000,-48.71,45.81,-199.3,-8.287903331011847,-3.0870471062816094,68.51795036614286,-0.19024349713508482,-0.09244560040515695,0.977374658339136
,159,0,-0.041015625,0.5709876543209875,0.041015625,-0.5709876543209875,2104,2796,2659,1490,2106,2796,2658,1533,-9,0,20,-172,5000,5000,4900,5000,-40.53,71.89,-211.20000000000002,1.6907851643063623,-29.988045685508418,60.427780321338986,0.03082737237149318,-0.7661762063251032,0.6418907180929961
,160,0,0.708984375,-0.26234567901234573,-0.708984375,0.26234567901234573,2593,2253,2170,2033,2594,2270,2209,2035,0,-52,-162,-11,5000,4900,5000,4900,-41.28,34.51,-180.18,-26.506070294213117,9.567859806415576,61.00655745058515,-0.6513190382646696,0.226188977071484,0.7243079849382728
,161,0,-0.720703125,0.23765432098765427,0.720703125,-0.23765432098765427,1661,2579,3102,1707,1721,2581,3101,1718,-300,-7,23,-28,4800,5000,5000,4800,-35.63,50.11,-241.0,33.02200200810313,-10.463363086833944,55.57391376899089,0.8480714081591157,-0.24601938037518134,0.4693073099183808
,162,0,0.029296875,0.7376543209876543,-0.029296875,-0.7376543209876543,2150,2905,2613,1381,2151,2905,2614,1436,0,10,-20,-257,5100,4900,5100,4900,-34.36,79.14,-213.67000000000002,3.6401911149414445,-37.41365544259296,54.28022502064269,0.10367500504711535,-0.9029173701396268,0.41712314252342897
,163,0,-0.345703125,-0.7376543209876543,0.345703125,0.7376543209876543,1906,1943,2857,2343,1924,2001,2856,2343,-49,-276,20,-2,5000,5100,5000,5000,-32.67,6.72,-218.6,13.87341139500677,34.4457431323482,52.456646355653376,0.39469219861599586,0.8117896527363357,0.43036685288471116
,164,0,0.404296875,-0.23765432098765427,-0.404296875,0.23765432098765427,2395,2269,2368,2017,2396,2276,2388,2018,0,-21,-70,0,5000,5000,5000,5000,-46.38,29.6,-195.99,-10.393324236214312,13.316720522199866,66.14461718204926,-0.2619684613859433,0.38089211185273664,0.8867320476713603
,165,0,-0.533203125,0.2623456790123455,0.533203125,-0.2623456790123455,1783,2595,2980,1691,1820,2596,2979,1708,-149,0,19,-46,5000,5000,5000,5000,-40.88,52.04,-234.14000000000001,26.02378905939466,-11.873141296636952,60.80693783961142,0.6954688620230578,-0.2822807306588859,0.6607879017166097
,166,0,0.216796875,-0.5709876543209876,-0.216796875,0.5709876543209876,2272,2052,2491,2234,2272,2096,2494,2236,0,-191,-20,-11,5000,5000,5000,4900,-40.26,13.23,-207.64000000000001,2.4435805857404773,28.774309800952718,60.02656125868121,0.10120162404997986,0.7422519396423596,0.662435120888681
,167,0,-0.158203125,-0.07098765432098764,0.158203125,0.07098765432098764,2028,2378,2735,1908,2039,2380,2734,1909,-33,-16,20,-11,5000,5000,5000,5000,-48.27,36.97,-217.29,10.303207557381597,4.408766690066223,68.11462485747808,0.32631443149839595,0.13482021718144743,0.9355973497370683
,168,0,0.591796875,0.42901234567901225,-0.591796875,-0.42901234567901225,2517,2704,2246,1582,2517,2705,2275,1609,0,0,-115,-90,5000,5000,4900,5000,-41.17,63.89,-189.92000000000002,-18.946900141740798,-20.447513675438266,60.98652370912333,-0.4515722708315369,-0.5231168543265845,0.7227940515357802
,169,0,-0.626953125,-0.404320987654321,0.626953125,0.404320987654321,1722,2160,3041,2126,1767,2184,3041,2128,-201,-75,20,-2,5000,5000,5000,5000,-35.68,23.7,-234.81,28.785594469515303,16.329528127618268,55.55085867137123,0.7660568811590299,0.37953942338118113,0.5187549334014869
,170,0,0.123046875,0.095679012345679,-0.123046875,-0.095679012345679,2211,2486,2552,1800,2211,2487,2554,1810,0,-6,-20,-25,5000,5000,5000,5000,-49.160000000000004,47.64,-211.44,3.6838276295787296,-5.801422126905045,69.0086906789895,0.1206132672069143,-0.1551198120259209,0.980505116606087
,171,0,-0.251953125,0.5956790123456788,0.251953125,-0.5956790123456788,1967,2812,2796,1474,1980,2812,2795,1519,-35,0,19,-184,5000,5000,4900,5000,-39.26,71.73,-219.94,10.422611658779317,-30.472338243633537,59.18408952835044,0.2654276456428838,-0.7505403134595253,0.6051755140457633
,172,0,0.498046875,-0.6820987654320988,-0.498046875,0.6820987654320988,2456,1979,2307,2307,2457,2035,2326,2307,0,-262,-64,0,5100,5000,5100,4900,-35.85,10.97,-193.77,-11.210508492613798,32.03541215434501,55.56969432314612,-0.2527642236221026,0.7906549578795771,0.5576513111588279
,173,0,-0.439453125,-0.1820987654320988,0.439453125,0.1820987654320988,1845,2305,2918,1981,1879,2309,2917,1982,-128,-18,22,-3,5000,5000,5000,5000,-43.22,32.76,-228.53,21.83625402731576,7.771630637652763,63.09026567521789,0.6323868596958424,0.2037926394248479,0.7473656533453257
,174,0,0.310546875,0.3179012345679011,-0.310546875,-0.3179012345679011,2333,2631,2430,1655,2333,2632,2441,1678,0,0,-37,-72,5000,5000,5000,4900,-46.39,59.14,-204.01,-4.561596058969712,-16.731807084616882,66.23967047816907,-0.10079297369391164,-0.4458854084262729,0.889396974925412
,175,0,-0.064453125,-0.5154320987654322,0.064453125,0.5154320987654322,2089,2088,2674,2198,2091,2129,2673,2199,-7,-173,20,-1,5000,4800,5100,4900,-41.58,15.25,-207.9,2.550910235248324,26.743683054709496,61.351489695910246,0.10879804317694058,0.6807544773114595,0.7243868630926917
,176,0,0.685546875,-0.015432098765432167,-0.685546875,0.015432098765432167,2578,2414,2185,1872,2579,2415,2225,1872,0,0,-177,-11,5100,5000,5000,4900,-42.47,41.24,-180.52,-26.66403551964325,2.8337665738808226,62.211395748069236,-0.6889560789523295,0.057263880176963336,0.7225374518332663
,177,0,-0.673828125,0.4845679012345676,0.673828125,-0.4845679012345676,1692,2740,3071,1546,1743,2741,3069,1576,-237,0,22,-101,5000,5000,5000,4900,-34.76,62.160000000000004,-239.18,30.32561802132625,-22.34938145082318,54.723101893918695,0.7280398490574693,-0.5198154029355297,0.44693391575863956
,178,0,0.076171875,-0.3487654320987654,-0.076171875,0.3487654320987654,2181,2197,2582,2089,2181,2228,2583,2090,-7,-106,-15,-12,5000,5000,5000,4900,-45.75,23.740000000000002,-209.73000000000002,3.7412321326075926,18.151824110641265,65.54445924813714,0.12965560626071532,0.46820468812743965,0.8740559443082883
,179,0,-0.298828125,0.15123456790123446,0.298828125,-0.15123456790123446,1936,2523,2827,1763,1959,2523,2826,1774,-72,-7,21,-30,5000,5000,5000,4900,-46.38,48.25,-223.93,16.103423751587457,-7.332086196147763,66.2680156392748,0.462944022228154,-0.1901727496008924,0.8657465897088216
,180,0,0.451171875,0.6512345679012344,-0.451171875,-0.6512345679012344,2425,2849,2338,1437,2426,2849,2356,1484,0,0,-60,-202,5000,5000,4800,4700,-37.550000000000004,74.60000000000001,-201.26,-8.412559432481032,-31.96852097397356,57.42307641074373,-0.19630953591089342,-0.8065927364244023,0.5575578209099435
,181,0,0.0,0.0,-0.0,-0.0,2131,2424,2632,1862,2133,2431,2631,1864,-10,-22,22,-11,5000,5000,5000,5000,-49.46,43.36,-209.68,2.2416250977070433,-1.403202026576274,69.29454344900728,0.07620977688594198,-0.05399497648843628,0.9956287523073085
