DATE: 2026-4-24
TIME: 11-44-22
NUM_CABLES: 4
num_coils: 1
NUM_MEASUREMENTS: 51
---
,0,0,0.0,0.0,-0.0,-0.0,2960,3172,3074,2601,2961,3173,3074,2601,0,0,18,0,5000,4900,4900,4900,-43.01,86.3,-233.92000000000002,17.946431807516312,-2.266943406374553,67.17341758712055,0.06958315359894662,-0.022743317204316278,-0.9973168635181949
,1,0,0.0,0.0,-0.0,-0.0,2960,3172,3074,2601,2961,3173,3074,2601,0,0,17,0,5000,4900,4900,4900,-42.99,86.29,-233.88,17.933261348141908,-2.306884263578092,67.1532171192372,0.06954371396562721,-0.02244985134554202,-0.9973262635779878
,2,0,0.02360796432555995,-0.18140794528856102,-0.02360796432555995,0.18140794528856102,2986,2975,3048,2798,2986,2982,3048,2798,20,-28,0,16,5000,4900,4900,4900,-39.33,85.17,-249.16,18.15797162405004,14.753303824248093,63.3257568317395,0.07199526646596609,-0.4990954677010175,-0.86355103828714
,3,0,-0.1863786657281054,0.08718410942287785,0.1863786657281054,-0.08718410942287785,2758,3267,3276,2506,2766,3268,3276,2509,-29,0,0,-16,5000,4900,4900,4900,-40.15,100.08,-232.59,33.02192732791288,-5.122113579226161,64.02661144559045,-0.35583952198392593,0.06828116424809862,-0.9320493104998122
,4,0,0.2335945943792253,-0.36046931509618696,-0.2335945943792253,0.36046931509618696,3214,2780,2820,2993,3214,2795,2823,2994,20,-44,-20,3,5000,5000,4900,4900,-32.21,85.78,-259.43,19.848577505052674,26.09054906717253,55.52035223919462,0.025349739130249127,-0.7886004114463886,-0.614383253183723
,5,0,-0.2913719807549381,-0.09187726038474808,0.2913719807549381,0.09187726038474808,2643,3072,3391,2701,2654,3072,3391,2702,-40,16,2,0,5000,4900,4900,4900,-34.43,107.51,-246.87,42.607384331167964,9.94591312800357,57.831322610485245,-0.6011798593658231,-0.3515888687142926,-0.7176127396368414
,6,0,0.12860127935239268,0.17671479432669074,-0.12860127935239268,-0.17671479432669074,3100,3364,2934,2409,3100,3365,2934,2415,19,0,0,-20,5000,5000,4900,5000,-40.56,95.2,-223.38,26.712047883959166,-14.780586251587055,64.23676055290464,-0.17612242428721808,0.3416673300284763,-0.9231708006942189
,7,0,-0.08138535070127273,-0.27093863019237396,0.08138535070127273,0.27093863019237396,2872,2878,3162,2895,2872,2887,3163,2896,0,-31,0,0,5000,5000,4900,4900,-37.4,90.12,-251.89000000000001,23.888101157548157,17.309402060776304,61.27747734061203,-0.08026673696020026,-0.5705665675390899,-0.8173194252826879
,8,0,0.33858790940605793,-0.002346575480935087,-0.33858790940605793,0.002346575480935087,3328,3169,2706,2604,3327,3169,2714,2605,19,0,-30,-16,5000,4900,4900,5000,-39.6,74.26,-241.65,5.376776409647387,7.414200877360788,63.461751990877396,0.42420592263016604,-0.27662922651167404,-0.8622793087190734
,9,0,-0.34386863826835445,0.26624547923050373,0.34386863826835445,-0.26624547923050373,2586,3461,3448,2312,2600,3462,3448,2317,-47,0,0,-21,5000,4900,4900,5000,-34.1,109.22,-221.23000000000002,41.779605947990454,-18.458886088256115,56.92452330846653,-0.569608767850693,0.4394923138968946,-0.694544712465057
,10,0,0.07610462183897632,-0.42015643836539557,-0.07610462183897632,0.42015643836539557,3043,2716,2991,3057,3043,2729,2991,3057,19,-42,0,13,5000,4900,4900,4900,-29.94,96.02,-260.03000000000003,31.168214528356675,25.790836187949935,53.04710461835418,-0.2626216315249653,-0.7895706037400743,-0.5546243236324021
,11,0,-0.13388200821468904,-0.15156438365395675,0.13388200821468904,0.15156438365395675,2815,3007,3219,2766,2818,3007,3219,2767,-21,0,0,-2,5000,4900,4900,4900,-39.300000000000004,94.8,-246.63,28.56183474763672,10.944503505721409,63.33916264163826,-0.21949766066710086,-0.38409764319512385,-0.8968220433584477
,12,0,0.2860912518926417,0.11702767105748219,-0.2860912518926417,-0.11702767105748219,3271,3299,2763,2474,3270,3300,2767,2477,19,0,-21,-16,5000,4900,4900,5000,-41.86,80.77,-231.07,11.54811347420542,-4.960745123427781,65.84902335453917,0.25442385737556616,0.07691480118938822,-0.9640293637416523
,13,0,-0.23887532324152175,-0.3306257534615826,0.23887532324152175,0.3306257534615826,2700,2813,3334,2960,2706,2822,3335,2960,-26,-30,0,2,5000,4900,4900,5000,-33.85,99.04,-253.89000000000001,33.98574016898744,18.606929564025407,57.39587915553665,-0.36259184903740993,-0.5937662524010007,-0.7183096745285443
,14,0,0.18109793686580894,-0.06203369875014375,-0.18109793686580894,0.06203369875014375,3157,3105,2877,2668,3156,3105,2878,2669,18,0,-18,0,5000,4900,4900,4900,-40.9,90.33,-243.57,23.295020534518194,7.972962284861743,65.07808656358516,-0.06842615756482996,-0.2978577936784253,-0.9521547120641339
,15,0,-0.028888693187856418,0.20655835596129496,0.028888693187856418,-0.20655835596129496,2929,3396,3105,2377,2930,3397,3106,2384,0,0,0,-23,5000,4900,4900,4900,-41.050000000000004,87.61,-220.70000000000002,18.141060580259197,-16.956270924820842,64.67215532052347,0.05371414032991348,0.3954200699783791,-0.9169284374404101
,16,0,0.3910845669194743,-0.2410950685577697,-0.3910845669194743,0.2410950685577697,3385,2910,2649,2863,3384,2917,2658,2863,18,-25,-31,0,5000,5000,4900,5000,-37.480000000000004,72.62,-246.08,3.9782369319290494,12.46947631688114,61.16195182770976,0.46392568786010446,-0.408948909195008,-0.7858331539275643
,17,0,-0.3701169670250626,0.02749698615366919,0.3701169670250626,-0.02749698615366919,2558,3202,3476,2571,2572,3203,3476,2571,-51,1,13,0,5000,5000,4900,5000,-33.47,111.41,-240.82,46.2541975048583,2.862047532515959,56.68821656363063,-0.6971959753187721,-0.15528593443784272,-0.6998600221223327
,18,0,0.04985629308226813,0.29608904086510796,-0.04985629308226813,-0.29608904086510796,3014,3494,3020,2279,3014,3495,3020,2287,19,0,0,-28,5000,4900,4900,5000,-37.33,97.92,-215.69,28.900752760236436,-23.389522904867665,60.40758647061579,-0.22932033483503528,0.5669237112969343,-0.7912077411150988
,19,0,-0.16013033697139722,-0.3903128767307913,0.16013033697139722,0.3903128767307913,2786,2748,3248,3025,2787,2761,3248,3025,0,-39,0,13,5000,4900,4900,4900,-33.15,91.76,-257.16,26.255796027370984,23.022262328980812,56.62642285364725,-0.14772951286256708,-0.7225370007158759,-0.6753638083476894
,20,0,0.25984292313593343,-0.12172082201935241,-0.25984292313593343,0.12172082201935241,3242,3040,2792,2733,3242,3040,2795,2734,19,18,-20,0,5000,5000,4900,4900,-40.550000000000004,83.7,-244.62,16.062643633476206,9.787195264828567,64.67712406845398,0.1360584364638739,-0.3463832185468215,-0.9281738887601566
,21,0,-0.2651236519982299,0.1468712326920864,0.2651236519982299,-0.1468712326920864,2672,3332,3362,2441,2681,3333,3363,2443,-33,0,4,-16,5000,5000,4900,4900,-38.4,104.64,-231.86,37.9036102345526,-6.365213634949347,62.05503756487083,-0.4759062691889454,0.10186422435240265,-0.873577073155965
,22,0,0.1548496081091008,-0.3007821918269783,-0.1548496081091008,0.3007821918269783,3128,2845,2906,2928,3128,2853,2906,2928,19,-27,0,16,5000,5000,4900,4900,-36.56,94.66,-251.99,28.877070455150125,17.008084265689583,60.35843966150643,-0.21012658174509508,-0.5708166639168308,-0.7937349405431144
,23,0,-0.055137021944564546,-0.032190137115539474,0.055137021944564546,0.032190137115539474,2900,3137,3134,2636,2902,3138,3135,2637,-5,0,0,0,5000,5000,4900,5000,-41.46,89.7,-242.45000000000002,22.498207645127263,6.8226247356252685,65.65199646966617,-0.047379140004670785,-0.27309599778310023,-0.9608193342597093
,24,0,0.36483623816276617,0.2364019175958994,-0.36483623816276617,-0.2364019175958994,3356,3429,2678,2344,3355,3429,2685,2349,19,1,-26,-22,5000,5000,4900,4900,-39.56,75.61,-220.18,4.916729811272004,-16.310937347796543,62.91030797620869,0.4194388223077828,0.36407492848194684,-0.8315771285887592
,25,0,-0.31762030951164627,-0.21125150692316536,0.31762030951164627,0.21125150692316536,2615,2942,3419,2831,2624,2947,3418,2831,-34,-22,17,0,5000,5000,4900,5000,-36.32,106.99000000000001,-239.64000000000001,41.271038950389126,1.935805168237835,59.920347515483954,-0.5634125221593503,-0.1163247261934074,-0.817945528718183
,26,0,0.10235295059568444,0.05734054778827352,-0.10235295059568444,-0.05734054778827352,3071,3234,2963,2539,3070,3235,2963,2539,20,0,-1,-7,5000,4900,4900,5000,-41.71,94.35000000000001,-235.34,26.93110358285771,-1.5463484337339026,65.83111450901478,-0.1724558456413846,-0.027646919461160956,-0.9846291835754328
,27,0,-0.10763367945798091,0.3259326024997124,0.10763367945798091,-0.3259326024997124,2843,3526,3191,2247,2843,3526,3192,2254,-8,1,2,-26,5000,4900,4900,5000,-37.230000000000004,89.95,-211.17000000000002,19.801583568637934,-27.477545906252114,60.103428159999005,0.0036689094973921736,0.6614855805900794,-0.7499489087761282
,28,0,0.3123395806493498,-0.44005214612179844,-0.3123395806493498,0.44005214612179844,3299,2694,2735,3079,3298,2709,2737,3080,18,-50,-19,9,4900,5000,4900,4900,-30.86,84.24,-260.43,18.218415147908622,27.340992750331708,54.04815058928441,0.07738461210871889,-0.8151052928153455,-0.5741210529437087
,29,0,-0.2126269944848136,-0.17146009141035962,0.2126269944848136,0.17146009141035962,2729,2986,3305,2787,2735,2986,3305,2788,-28,0,0,0,5000,5000,4900,4900,-38.14,98.66,-246.62,32.82453473972283,10.535176052222553,62.065018420114946,-0.33648240889929615,-0.3681729555396129,-0.8667342518387936
,30,0,0.20734626562251718,0.09713196330107926,-0.20734626562251718,-0.09713196330107926,3185,3278,2849,2495,3184,3279,2850,2497,19,0,-18,-16,5000,4900,4900,5000,-42.300000000000004,89.03,-233.59,20.90295833432157,-2.952342775894447,66.45169205078335,-0.007587315953660434,0.010510567481799923,-0.9999159767739639
,31,0,-0.0026403644311482344,-0.3505214612179855,0.0026403644311482344,0.3505214612179855,2957,2791,3077,2982,2958,2800,3078,2983,-14,-30,6,0,5000,5000,4900,5000,-34.550000000000004,87.02,-256.84000000000003,20.9378010738239,23.084902278810688,58.11415839484947,0.003938176306273937,-0.7130502804846504,-0.7011018387282565
,32,0,0.41733289567618254,-0.08192940650654662,-0.41733289567618254,0.08192940650654662,3413,3083,2621,2690,3413,3083,2633,2691,18,0,-34,0,5000,5000,4900,5000,-36.97,70.03,-245.64000000000001,1.0967960242891657,12.221653183626378,60.50343126232101,0.5357680288334448,-0.397865616210526,-0.7447520196127997
,33,0,-0.3832411314034167,0.18666264820489226,0.3832411314034167,-0.18666264820489226,2544,3375,3490,2398,2551,3376,3490,2402,-30,0,3,-16,4900,5000,4900,4900,-39.59,100.33,-230.03,33.01854172272,-8.034473084500231,63.36661246612436,-0.3514151375400146,0.1686873954976271,-0.9208973687159496
,34,0,0.03673212870391401,-0.26099077631417256,-0.03673212870391401,0.26099077631417256,3000,2888,3034,2885,3000,2895,3034,2885,19,-25,0,3,5000,4900,4900,5000,-38.89,91.9,-248.12,25.45302225291519,12.933448528572288,62.928871457608345,-0.12072262100401746,-0.4501582326272565,-0.8847505944478508
,35,0,-0.17325450134975132,0.0076012783972663756,0.17325450134975132,-0.0076012783972663756,2772,3180,3262,2593,2776,3181,3261,2593,-21,0,16,0,5000,4900,4900,4900,-40.82,94.0,-241.45000000000002,27.16614668916226,5.2524781852680835,64.96987478046285,-0.182431322125706,-0.21970321692206254,-0.9583576102799855
,36,0,0.24671875875757937,0.27619333310870525,-0.24671875875757937,-0.27619333310870525,3228,3472,2806,2301,3228,3473,2807,2307,19,0,-18,-24,5000,5000,4900,4900,-39.65,88.08,-216.75,18.276814421025634,-21.30294321233396,62.991237365859305,0.050085544717117264,0.5125195956018874,-0.85721356868313
,37,0,-0.278247816376584,-0.41020858448719416,0.278247816376584,0.41020858448719416,2658,2726,3376,3047,2659,2739,3377,3048,-19,-41,12,9,5000,4900,4900,4900,-32.07,90.99,-258.78000000000003,25.571050875073514,24.869992634209968,55.4277078033193,-0.13056150033018413,-0.7624379884357166,-0.633752324194262
,38,0,0.14172544373074675,-0.14161652977575528,-0.14172544373074675,0.14161652977575528,3114,3018,2920,2755,3114,3019,2920,2756,19,0,-3,0,5000,5000,4900,5000,-40.92,87.9,-244.46,20.713260053843495,9.218952644504423,65.08526650213511,0.00023975933074924053,-0.33697788353922115,-0.9415125323227994
,39,0,-0.06826118632291867,0.1269755249356837,0.06826118632291867,-0.1269755249356837,2886,3310,3148,2463,2887,3310,3149,2465,-6,0,0,-17,5000,4900,4900,4900,-42.53,86.72,-229.62,18.001039777869533,-7.09436592966914,66.57671451209642,0.06451900054962427,0.12434289142427829,-0.990139456804105
,40,0,0.3517120737844121,-0.3206778995833812,-0.3517120737844121,0.3206778995833812,3342,2824,2692,2949,3341,2832,2697,2950,21,-29,-23,11,5000,5000,4900,4900,-35.95,77.4,-252.85,9.940079840491787,19.559332221240787,59.579319612135606,0.292154120206885,-0.6099148505128041,-0.7366477076391976
,41,0,-0.33074447389000033,-0.052085844871942344,0.33074447389000033,0.052085844871942344,2601,3115,3433,2658,2608,3115,3432,2659,-27,1,2,0,5000,4900,4900,4900,-39.230000000000004,97.14,-243.91,30.926559929102865,7.701960306020479,63.250154467587365,-0.29772672521549026,-0.2956002571128689,-0.9077330472596368
,42,0,0.08922878621733038,0.21650620983949648,-0.08922878621733038,-0.21650620983949648,3057,3407,2977,2366,3057,3408,2977,2372,18,4,0,-21,5000,5000,4900,5000,-41.12,90.9,-222.48000000000002,21.92077330656881,-15.345616093616979,64.82301628429444,-0.04847826918034513,0.3560679568822075,-0.9332017292627616
,43,0,-0.12075784383633498,-0.23114721467956822,0.12075784383633498,0.23114721467956822,2829,2921,3205,2852,2830,2929,3204,2852,-19,-27,0,0,5000,4900,4900,5000,-40.17,88.16,-245.8,21.133003575394433,10.703933518360085,64.3011909563588,-0.009870982539646238,-0.3834234312134064,-0.9235199164610586
,44,0,0.29921541627099574,0.03744484003187065,-0.29921541627099574,-0.03744484003187065,3285,3213,2749,2560,3284,3214,2753,2560,18,0,-21,-1,5000,5000,4900,5000,-41.32,78.91,-238.9,10.238908203150672,3.929538020512731,65.3838553633011,0.2923531418251343,-0.18602973136312087,-0.9380418857993168
,45,0,-0.22575115886316766,0.3060368947433095,0.22575115886316766,-0.3060368947433095,2715,3505,3319,2268,2717,3506,3319,2275,-20,0,3,-25,5000,4900,4900,4900,-38.46,87.76,-214.16,17.699203569541694,-24.054919548327884,61.60978353245022,0.06113845261663814,0.5777106509834065,-0.813948704373913
,46,0,0.194222101244163,-0.38036502285258983,-0.194222101244163,0.38036502285258983,3171,2759,2863,3014,3170,2770,2863,3015,19,-35,-1,1,5000,4900,4900,5000,-33.97,85.51,-256.93,19.298108698033726,23.34647352951378,57.50354046295213,0.04376850473778044,-0.7218627959099203,-0.6906507235022141
,47,0,-0.0157645288095023,-0.11177296814115095,0.0157645288095023,0.11177296814115095,2943,3051,3091,2722,2943,3052,3092,2723,0,0,0,0,5000,4900,4900,5000,-41.19,84.56,-243.61,16.937256787438447,8.600998292904192,65.34672743881599,0.10568710821724399,-0.3185393120531409,-0.9419994383402722
,48,0,0.40420873129782836,0.15681908657028792,-0.40420873129782836,-0.15681908657028792,3399,3342,2635,2431,3399,3342,2644,2433,18,0,-31,-16,5000,4900,4900,4900,-39.38,70.32000000000001,-228.89000000000001,-0.12889552863549358,-6.272984077574578,62.854401793915436,0.5669930523342191,0.09674482259170993,-0.818021587677504
,49,0,-0.3569928026467085,-0.2908343379487769,0.3569928026467085,0.2908343379487769,2572,2856,3462,2917,2579,2861,3462,2917,-26,-23,17,1,5000,4900,4900,5000,-37.42,95.7,-248.75,29.81103268522346,13.240500257915082,61.34373879842651,-0.2581083507457928,-0.4538304738059597,-0.8528880233186211
,50,0,0.0629804574606222,-0.022242283237338067,-0.0629804574606222,0.022242283237338067,3028,3148,3006,2625,3028,3149,3006,2626,18,1,0,0,5000,4900,4900,4900,-41.81,88.29,-240.5,20.762749326308306,4.775946564164909,66.02187266268771,-0.003468581615554687,-0.20993080010420975,-0.9777100941021232
