DATE: 2026-5-14
TIME: 12-32-40
NUM_CABLES: 4
num_coils: 1
NUM_MEASUREMENTS: 182
---
,0,0,0.0,0.0,-0.0,-0.0,2125,2416,2494,1843,2129,2426,2494,1844,-18,-27,-15,-7,5000,5000,5000,4900,-49.050000000000004,46.26,-205.95000000000002,-1.4086240686205542,-2.866647238042262,69.93283490472743,-0.018632481866387364,-0.11883196351659477,0.9927395403963161
,1,0,0.0,0.0,-0.0,-0.0,2125,2416,2494,1843,2129,2425,2495,1844,-17,-28,-22,0,5000,5000,5000,5000,-49.13,45.44,-206.24,-1.064364454264819,-2.0678456763280337,70.01221615519982,-0.009471541535824253,-0.09608233724026592,0.9953283249116258
,2,0,0.0,-0.25,-0.0,0.25,2125,2253,2494,2006,2127,2279,2493,2008,-14,-86,21,-11,5000,5000,5000,4900,-47.82,31.05,-204.72,-1.603933210869883,12.38809734909021,68.65826755840692,-0.01577508056563641,0.2976131378785106,0.9545562146857848
,3,0,-0.375,0.25,0.375,-0.25,1881,2579,2738,1680,1908,2580,2736,1690,-93,0,20,-22,5000,5000,5000,4900,-44.57,54.34,-224.69,16.765116980995487,-12.204811935494305,65.56726319591763,0.49315649299836006,-0.33391756881917123,0.8033030129704807
,4,0,0.375,-0.5833333333333334,-0.375,0.5833333333333334,2369,2036,2250,2223,2370,2079,2272,2225,11,-181,-79,-9,5000,5000,4900,5000,-38.47,17.16,-190.02,-15.288212212832292,27.211031228629842,59.19963449652921,-0.361669945179202,0.6608378358406665,0.6576383546262317
,5,0,-0.5625,-0.08333333333333337,0.5625,0.08333333333333337,1758,2362,2861,1897,1798,2364,2859,1896,-171,-15,21,9,4900,5000,4900,4900,-41.410000000000004,40.78,-233.69,26.67442031444787,0.708289096442968,62.41817933158339,0.7409122803044008,-0.009254562356461722,0.6715380450650016
,6,0,0.1875,0.4166666666666665,-0.1875,-0.4166666666666665,2247,2688,2372,1571,2247,2689,2385,1598,0,0,-41,-86,5000,5000,5000,5000,-43.95,64.54,-201.20000000000002,-7.356118158287472,-20.799205000164463,64.85527779903892,-0.17370636068062148,-0.5773252326513698,0.797823085654417
,7,0,-0.1875,-0.4166666666666667,0.1875,0.4166666666666667,2003,2144,2616,2115,2011,2177,2615,2117,-25,-121,21,-11,5000,5000,4900,4900,-44.46,22.47,-212.84,7.092443918670682,20.391329578102102,65.31735470271774,0.21764561291436824,0.4985620883947778,0.8390865457118037
,8,0,0.5625,0.08333333333333337,-0.5625,-0.08333333333333337,2492,2470,2127,1789,2492,2470,2170,1789,14,-3,-191,0,5000,5000,5000,4800,-40.03,46.78,-178.15,-29.136481559190543,-1.536469558936247,60.77492322549346,-0.7460695667676369,-0.07053680073551312,0.66212140977705
,9,0,-0.65625,0.5833333333333333,0.65625,-0.5833333333333333,1697,2796,2922,1463,1744,2796,2920,1498,-214,0,21,-124,5100,4900,4800,5000,-33.47,67.55,-234.91,26.12432083767885,-26.105628331558933,54.552041605230336,0.6551695455748472,-0.6262031137230557,0.4226375834149143
,10,0,0.09375,-0.6944444444444444,-0.09375,0.6944444444444444,2186,1963,2433,2296,2185,2019,2436,2297,2,-268,-23,-10,5000,5100,5100,5000,-36.800000000000004,9.73,-204.5,-0.33212789050159586,33.64281163143653,57.58348394865155,0.02632564718519232,0.8396471046024622,0.5424939631304513
,11,0,-0.28125,-0.19444444444444442,0.28125,0.19444444444444442,1942,2289,2677,1970,1962,2294,2676,1970,-63,-18,22,11,5000,5000,5000,5000,-46.34,32.07,-220.5,14.078294737677794,10.302022802586748,67.25997590205583,0.42338897856509133,0.2839233140367122,0.8603076918033565
,12,0,0.46875,0.3055555555555556,-0.46875,-0.3055555555555556,2431,2615,2188,1644,2430,2616,2221,1659,5,0,-132,-36,5000,5000,5000,4900,-41.5,57.75,-184.8,-23.248745967309418,-12.925711511170022,62.3059481611409,-0.5942076448872553,-0.35140405314619444,0.7234863275763872
,13,0,-0.46875,-0.5277777777777778,0.46875,0.5277777777777778,1819,2072,2800,2187,1849,2105,2799,2189,-113,-126,21,-12,5000,5000,4900,4800,-38.4,17.88,-224.62,19.184357482262982,24.15912111025299,59.30491149376645,0.5273981097056732,0.5761074711270876,0.6244608999692739
,14,0,0.28125,-0.02777777777777779,-0.28125,0.02777777777777779,2308,2398,2311,1861,2308,2399,2333,1860,0,0,-78,9,5000,5000,5000,5000,-46.88,42.550000000000004,-191.94,-15.125825342346104,1.7734942781054315,67.6832625173113,-0.4071585337056925,0.011685678356762645,0.9132827455678619
,15,0,-0.09375,0.4722222222222219,0.09375,-0.4722222222222219,2064,2724,2555,1535,2068,2725,2555,1567,-16,0,19,-112,5000,5000,4800,5000,-43.17,67.17,-210.14000000000001,1.3897889748510295,-24.028331506110263,64.12675159696036,0.042308692412268804,-0.6489810821232516,0.7596272306812711
,16,0,0.65625,-0.36111111111111116,-0.65625,0.36111111111111116,2553,2181,2066,2078,2553,2204,2113,2079,0,-70,-219,-9,4900,5000,4700,5000,-36.24,32.55,-174.86,-31.440808808169265,12.872114739700585,56.93254447806494,-0.773362136870447,0.2915354687421549,0.5629547723578398
,17,0,-0.703125,0.13888888888888884,0.703125,-0.13888888888888884,1667,2507,2952,1752,1723,2508,2950,1753,-271,0,21,-10,4800,5000,5100,5000,-37.2,46.03,-239.77,32.40672403560674,-4.951793918456133,58.25198750776644,0.8468961808682106,-0.1344642454942054,0.514476652059657
,18,0,0.046875,0.6388888888888888,-0.046875,-0.6388888888888888,2156,2832,2463,1427,2157,2833,2465,1475,0,0,-18,-193,5000,5000,5100,5000,-38.34,74.78,-211.03,1.787783926363403,-31.69480162690246,59.32051232851242,0.053319298204091585,-0.8308131503538029,0.5539914815574449
,19,0,-0.328125,-0.6388888888888888,0.328125,0.6388888888888888,1911,2000,2708,2259,1928,2050,2707,2260,-40,-223,20,-9,5000,5100,4800,4800,-37.63,12.6,-217.71,12.650037798101266,29.890874519415462,58.4869450386285,0.3744644129521055,0.7238760840538287,0.5794651140209653
,20,0,0.421875,-0.13888888888888895,-0.421875,0.13888888888888895,2400,2325,2219,1934,2401,2329,2250,1934,5,-16,-125,9,5000,5000,4900,4900,-44.18,38.61,-184.68,-22.090403762996488,6.186390347683123,64.93695668916389,-0.5930705649378026,0.14534175766901197,0.7919236569783965
,21,0,-0.515625,0.36111111111111116,0.515625,-0.36111111111111116,1789,2651,2830,1608,1824,2652,2828,1626,-141,0,21,-46,5000,5000,5000,4900,-40.67,57.78,-231.12,22.967208416403196,-16.081740055968154,61.70824905037197,0.6124931506941744,-0.41101872434021697,0.6752153349817118
,22,0,0.234375,-0.4722222222222222,-0.234375,0.4722222222222222,2278,2108,2341,2151,2277,2143,2356,2153,13,-137,-51,-10,5000,5000,5000,5000,-42.730000000000004,20.63,-197.19,-8.389262745880984,23.27759173016208,63.50427733471517,-0.19394683112954764,0.5706154553484752,0.7979866094191422
,23,0,-0.140625,0.02777777777777768,0.140625,-0.02777777777777768,2033,2434,2586,1825,2043,2434,2585,1827,-30,-1,22,-9,5000,5000,5000,5000,-48.63,43.32,-214.34,7.162505886165917,-0.5003569421075298,69.54747593762366,0.21691961694560533,-0.03925620223450118,0.9753998310284331
,24,0,0.609375,0.5277777777777777,-0.609375,-0.5277777777777777,2522,2760,2097,1499,2522,2760,2139,1530,0,0,-183,-103,5000,5100,4800,4800,-34.6,67.08,-181.28,-27.356670964822968,-22.016774545328133,55.411977960758,-0.656210712550025,-0.5734577303887312,0.49044238417167124
,25,0,-0.609375,-0.3055555555555556,0.609375,0.3055555555555556,1728,2217,2891,2042,1768,2237,2890,2044,-168,-60,21,-10,4900,5000,5000,5000,-39.34,31.310000000000002,-234.47,28.101398616379242,10.09817320663646,60.32820102476945,0.753624740281472,0.22647124162064117,0.6170579612601146
,26,0,0.140625,0.19444444444444442,-0.140625,-0.19444444444444442,2217,2543,2402,1716,2217,2544,2414,1726,0,-8,-40,-22,5000,5000,5000,4900,-47.800000000000004,53.42,-201.4,-6.425119779353992,-9.707048396741541,68.67813064783712,-0.1546457824254191,-0.2828703473468657,0.9466092375261788
,27,0,-0.234375,0.6944444444444444,0.234375,-0.6944444444444444,1972,2869,2647,1390,1983,2870,2646,1441,-29,0,19,-217,5000,5100,5100,4700,-36.35,76.42,-215.72,6.36604254025022,-33.65303340564567,57.35819829526204,0.1702002130731967,-0.8470413549485876,0.5035402967754419
,28,0,0.515625,-0.7314814814814815,-0.515625,0.7314814814814815,2461,1939,2158,2320,2462,1995,2189,2320,4,-262,-121,-6,5100,5000,4800,4900,-32.160000000000004,12.9,-184.37,-20.60745027282033,31.824303744925608,52.85064850256412,-0.490147571366484,0.7599354708147242,0.42691151130080923
,29,0,-0.421875,-0.2314814814814815,0.421875,0.2314814814814815,1850,2265,2769,1994,1881,2271,2768,1994,-114,-21,22,9,5000,5000,5000,5000,-44.28,31.470000000000002,-225.95000000000002,19.566242480488484,10.527229523855212,65.22581477154661,0.5473170318568706,0.25070049126959454,0.7984944147059324
,30,0,0.328125,0.2685185185185184,-0.328125,-0.2685185185185184,2339,2591,2280,1668,2339,2591,2303,1682,1,0,-84,-32,5000,4900,4900,4900,-44.85,56.0,-191.51,-16.45225169756739,-11.622635527460488,65.68511353472698,-0.4107423210832155,-0.3285937007799492,0.8504804086390875
,31,0,-0.046875,-0.5648148148148149,0.046875,0.5648148148148149,2094,2048,2525,2211,2096,2091,2525,2213,-14,-186,22,-10,4900,4800,5000,4800,-40.85,14.870000000000001,-204.55,-0.6485087531125941,28.522738515957936,61.646654440019944,0.022452470019120277,0.7342403429793587,0.6785182424456945
,32,0,0.703125,-0.06481481481481488,-0.703125,0.06481481481481488,2583,2374,2036,1885,2584,2375,2091,1884,0,-1,-276,9,5000,4900,5000,4800,-35.36,44.37,-171.74,-35.346688132244395,1.2869626489784736,56.06677445051742,-0.8728130536312407,0.03599674540168542,0.4867253925278549
,33,0,-0.7265625,0.4351851851851851,0.7265625,-0.4351851851851851,1651,2700,2968,1559,1704,2701,2966,1583,-254,0,21,-66,5000,5000,4900,4900,-34.19,59.69,-238.93,30.661806274148546,-18.53259644405972,55.272329009497334,0.7816464869271942,-0.45328181307584975,0.4284441240220786
,34,0,0.0234375,-0.39814814814814814,-0.0234375,0.39814814814814814,2140,2156,2479,2103,2141,2187,2481,2104,0,-111,-22,-9,5000,4900,5000,5000,-44.96,22.400000000000002,-207.35,1.617317070319558,20.832833306006656,65.78964746437228,0.07450465173302262,0.5202753052283863,0.8507424190903203
,35,0,-0.3515625,0.10185185185185197,0.3515625,-0.10185185185185197,1896,2482,2723,1777,1922,2482,2722,1781,-85,0,21,-11,5000,4900,5000,4900,-46.160000000000004,45.84,-224.74,17.38065565013497,-3.723024320030518,67.13601779526044,0.519587518733554,-0.11902582358860933,0.846086085274638
,36,0,0.3984375,0.6018518518518519,-0.3984375,-0.6018518518518519,2385,2808,2234,1451,2386,2808,2258,1491,0,0,-88,-149,5000,4900,5000,5000,-37.18,72.21000000000001,-192.28,-16.740341005929196,-27.869517504269353,58.06004103788793,-0.391622803338867,-0.7156538322016991,0.5783348272065492
,37,0,-0.5390625,-0.6759259259259259,0.5390625,0.6759259259259259,1774,1975,2845,2284,1806,2027,2844,2285,-121,-239,22,-10,5000,5100,5000,4700,-33.95,12.94,-226.67000000000002,21.58437352191885,28.936887368906657,54.85278025276904,0.5833776465872252,0.6706823194052807,0.45810015051242226
,38,0,0.2109375,-0.17592592592592593,-0.2109375,0.17592592592592593,2263,2301,2356,1958,2263,2307,2374,1958,0,-18,-55,11,5000,5000,5000,4900,-47.34,34.03,-195.96,-10.542565949303793,10.00427777972505,68.14188685765508,-0.277901391308285,0.264462999895906,0.9234880282900136
,39,0,-0.1640625,0.3240740740740742,0.1640625,-0.3240740740740742,2018,2627,2601,1632,2027,2629,2600,1653,-28,-1,21,-58,5000,4900,5000,5000,-46.050000000000004,59.1,-214.31,6.080659900192757,-16.249720167325634,67.00722648869522,0.1784651179261673,-0.4440974129071335,0.87802487979145
,40,0,0.5859375,-0.5092592592592593,-0.5859375,0.5092592592592593,2507,2084,2112,2175,2507,2117,2151,2175,0,-119,-164,0,5000,5000,5100,4700,-36.03,23.51,-178.92000000000002,-26.779329302886055,21.617099695725088,56.720066383359544,-0.6483756060395536,0.5126820043430568,0.5628198965171957
,41,0,-0.6328125,-0.0092592592592593,0.6328125,0.0092592592592593,1712,2410,2907,1849,1759,2412,2905,1849,-211,0,20,9,4800,5000,5000,4700,-39.4,41.22,-237.15,30.106532604130678,0.030212046877750254,60.426668160170784,0.8060491296344118,-0.026559473319722304,0.5912523953377163
,42,0,0.1171875,0.4907407407407405,-0.1171875,-0.4907407407407405,2201,2736,2418,1523,2201,2737,2426,1556,0,0,-31,-113,5000,4800,5000,4900,-42.63,68.27,-206.07,-2.742481629474497,-24.852893998903923,63.56913492925306,-0.05567540617997519,-0.6816637264195619,0.7295442503580516
,43,0,-0.2578125,-0.3425925925925926,0.2578125,0.3425925925925926,1957,2193,2662,2066,1972,2220,2661,2067,-41,-85,22,-11,5000,5000,5000,4900,-45.34,26.32,-217.55,11.527723414987292,16.234992726300945,66.23067817439312,0.34200043308799993,0.39049026288246513,0.8547239661794934
,44,0,0.4921875,0.15740740740740744,-0.4921875,-0.15740740740740744,2446,2519,2173,1740,2447,2520,2210,1744,0,-7,-150,-12,5000,5000,5000,5000,-41.94,50.22,-182.22,-25.31705841157668,-5.237637079398816,62.713986351063205,-0.6542702918618704,-0.16456263173744665,0.7381392317324881
,45,0,-0.4453125,0.6574074074074074,0.4453125,-0.6574074074074074,1835,2845,2784,1414,1863,2846,2783,1458,-94,0,19,-173,4900,4900,4900,4700,-35.5,73.24,-224.99,15.833423867769199,-31.10786492722984,56.546651490805594,0.4079231292971247,-0.7641795017760231,0.499628271467689
,46,0,0.3046875,-0.6203703703703703,-0.3046875,0.6203703703703703,2324,2012,2295,2247,2324,2060,2311,2248,0,-210,-54,-11,4800,5000,5000,4800,-38.26,14.88,-193.6,-11.56160396228978,29.24380339414702,59.0018258261252,-0.27734474552668886,0.7193121473686571,0.6369222297711292
,47,0,-0.0703125,-0.12037037037037046,0.0703125,0.12037037037037046,2079,2338,2540,1921,2086,2342,2540,1921,-23,-16,20,12,5000,5000,5000,5000,-48.6,35.52,-209.45000000000002,2.80996390933322,7.611539888146503,69.473258990611,0.09098416128796376,0.1878606921211883,0.9779725163574248
,48,0,0.6796875,0.37962962962962976,-0.6796875,-0.37962962962962976,2568,2663,2051,1596,2569,2664,2099,1615,0,0,-224,-54,5000,4700,4800,4800,-34.96,59.93,-175.77,-32.373521216306784,-14.510469036584382,55.72628857717096,-0.7857592413969862,-0.3746988926137864,0.49212107700568397
,49,0,-0.6796875,-0.4537037037037037,0.6796875,0.4537037037037037,1682,2120,2937,2139,1732,2148,2936,2141,-238,-94,22,-12,5000,5000,5000,4900,-35.45,23.56,-234.91,29.08193238151881,17.78970665477268,56.420891624219884,0.7676208439652354,0.4046120894074341,0.4970385266912922
,50,0,0.0703125,0.04629629629629617,-0.0703125,-0.04629629629629617,2171,2446,2448,1813,2173,2446,2455,1816,-4,0,-31,-12,5000,5000,5000,4900,-49.13,45.17,-203.52,-3.759926219331078,-1.6150302981255251,69.99789819527996,-0.07850129305435292,-0.07262597250692901,0.994265062800769
,51,0,-0.3046875,0.5462962962962961,0.3046875,-0.5462962962962961,1926,2772,2693,1487,1944,2772,2691,1526,-53,0,20,-141,5000,4900,5000,5000,-40.24,69.22,-219.97,11.073168055920746,-26.74494600962376,61.2512559507106,0.3053809781755648,-0.6904646093949294,0.6557446769449551
,52,0,0.4453125,-0.2870370370370371,-0.4453125,0.2870370370370371,2415,2229,2204,2030,2416,2250,2233,2032,0,-65,-117,-11,5000,4900,5000,5000,-42.81,33.47,-184.05,-22.365643445860655,11.35323787800786,63.55083630645754,-0.5593768386959178,0.2579043741017433,0.7877708335231436
,53,0,-0.4921875,0.2129629629629629,0.4921875,-0.2129629629629629,1804,2555,2815,1704,1840,2555,2813,1712,-144,0,21,-18,5000,5000,5000,5000,-42.800000000000004,50.870000000000005,-230.45000000000002,22.75453889132092,-9.136227429971882,63.81740196925376,0.6286853325910714,-0.248301969242396,0.7369537873267239
,54,0,0.2578125,0.7129629629629628,-0.2578125,-0.7129629629629628,2293,2881,2326,1378,2293,2882,2341,1429,0,0,-50,-219,4900,4900,5000,4700,-35.42,77.52,-201.36,-8.030788731964464,-33.78477444977821,56.359001809743816,-0.17405618290085573,-0.8645711519530691,0.4714034030472494
,55,0,-0.1171875,-0.712962962962963,0.1171875,0.712962962962963,2049,1951,2570,2308,2052,2009,2570,2309,-13,-276,14,-11,4800,4800,5000,5000,-36.07,8.63,-207.1,2.33964364250636,34.562877744101385,56.863751203992756,0.10108762335142933,0.8514004322556956,0.5146830057034857
,56,0,0.6328125,-0.21296296296296302,-0.6328125,0.21296296296296302,2538,2277,2081,1982,2538,2281,2128,1982,0,-14,-212,9,5000,5000,4800,4700,-37.660000000000004,37.74,-174.87,-31.787764000159967,7.6973356700616264,58.365682180861604,-0.7987100639370666,0.19847101947256224,0.5680418014505342
,57,0,-0.5859375,0.287037037037037,0.5859375,-0.287037037037037,1743,2603,2876,1656,1784,2604,2874,1667,-174,0,23,-29,4800,4900,5100,5000,-39.96,53.78,-234.41,26.522912272442113,-12.314762746631516,61.00464970479738,0.7118312571272523,-0.3161148610599192,0.6271902869095662
,58,0,0.1640625,-0.5462962962962963,-0.1640625,0.5462962962962963,2232,2060,2387,2199,2232,2100,2397,2201,0,-165,-36,-9,5000,5000,5000,5000,-41.18,16.14,-200.89000000000001,-4.387387945322473,27.50340095946076,61.96150890159597,-0.08384510827893593,0.6896904074315912,0.7192337170312157
,59,0,-0.2109375,-0.04629629629629628,0.2109375,0.04629629629629628,1987,2386,2632,1873,2002,2387,2631,1872,-47,-5,22,5,5000,5000,5000,5000,-48.17,39.09,-218.0,11.10166868219639,3.4718583846193027,69.0951465615207,0.3460998192607485,0.07517068206774764,0.9351814175148839
,60,0,0.5390625,0.4537037037037035,-0.5390625,-0.4537037037037035,2476,2712,2143,1547,2477,2713,2180,1574,0,0,-150,-86,5100,4900,5000,5000,-37.69,64.55,-183.04,-25.444977437955714,-19.602402911190325,58.50436174541421,-0.6151501666041405,-0.5076058263536809,0.6032632904285612
,61,0,-0.3984375,-0.37962962962962965,0.3984375,0.37962962962962965,1865,2169,2754,2090,1890,2195,2753,2091,-81,-86,21,-11,5000,5000,5000,5000,-43.03,25.53,-223.63,17.658252594124463,16.606565647371653,63.94919936711162,0.491565780745222,0.3973786015785989,0.7748892373802709
,62,0,0.3515625,0.12037037037037046,-0.3515625,-0.12037037037037046,2354,2494,2265,1765,2354,2494,2290,1768,0,0,-94,-11,5000,5000,5000,4900,-45.550000000000004,48.43,-188.83,-18.61889335423436,-3.8871653533267505,66.35254526657886,-0.4816207933791278,-0.13621393656072328,0.8657292734287607
,63,0,-0.0234375,0.6203703703703702,0.0234375,-0.6203703703703702,2110,2820,2509,1439,2111,2821,2509,1486,0,0,18,-197,5000,5000,4900,4700,-39.01,74.21000000000001,-206.87,-2.3274832044992024,-30.84364472346988,59.96820698448928,-0.04382919839266545,-0.8089246534126595,0.5862763055671492
,64,0,0.7265625,-0.6574074074074074,-0.7265625,0.6574074074074074,2599,1987,2020,2272,2599,2037,2067,2272,2,-212,-211,0,5000,4800,5000,4900,-29.150000000000002,19.85,-174.39000000000001,-31.01884797746203,25.554580844936584,49.808219769933736,-0.7411490434616916,0.5906941122598987,0.3190275240748195
,65,0,-0.73828125,-0.15740740740740744,0.73828125,0.15740740740740744,1644,2313,2975,1946,1701,2316,2973,1946,-280,-17,22,10,5100,5000,5100,5000,-36.44,37.68,-240.79,33.99127844162987,3.3082038468901658,57.476020852022266,0.8752517032728494,0.054864170408690904,0.48054591739327324
,66,0,0.01171875,0.34259259259259256,-0.01171875,-0.34259259259259256,2133,2639,2486,1620,2134,2640,2488,1642,0,0,-20,-66,5000,4900,5000,5000,-45.97,61.03,-209.95000000000002,1.6008461965591607,-17.881517898061148,66.91024532195186,0.05893016442285313,-0.5083133440991409,0.8591535252397231
,67,0,-0.36328125,-0.49074074074074076,0.36328125,0.49074074074074076,1888,2096,2731,2163,1908,2132,2730,2164,-56,-146,20,0,4900,5000,5000,4800,-41.17,19.55,-220.97,15.4166862303355,22.746995836116746,62.06078804171718,0.44094120680400767,0.544141983972876,0.7137789247521167
,68,0,0.38671875,0.0092592592592593,-0.38671875,-0.0092592592592593,2377,2422,2242,1837,2378,2423,2271,1837,0,0,-117,0,5000,4900,5000,4800,-44.86,43.24,-186.42000000000002,-20.66997121255727,1.4515513347589035,65.63736434998981,-0.5540100349163228,-0.0022774896184336118,0.8325068733968818
,69,0,-0.55078125,0.5092592592592591,0.55078125,-0.5092592592592591,1766,2748,2853,1511,1802,2749,2852,1540,-143,0,19,-98,5000,4900,4900,4900,-37.24,65.12,-231.38,22.74809333191152,-23.432338342146792,58.29814737813757,0.5864308547503566,-0.5821323131856575,0.5632235990633584
,70,0,0.19921875,-0.32407407407407407,-0.19921875,0.32407407407407407,2255,2205,2364,2054,2255,2230,2378,2055,0,-77,-42,-10,5000,5000,5000,5000,-45.85,27.93,-197.76,-8.328035287940168,15.964718759643311,66.64552551266132,-0.19362085235407817,0.3791223628539708,0.9048630832991817
,71,0,-0.17578125,0.17592592592592582,0.17578125,-0.17592592592592582,2010,2531,2609,1728,2022,2531,2608,1737,-36,0,20,-25,5000,5000,5000,5000,-47.83,51.44,-215.57,7.8458517604490225,-8.687073624473186,68.77416592296196,0.2265690408486673,-0.24803022310168035,0.9418850663202201
,72,0,0.57421875,0.6759259259259258,-0.57421875,-0.6759259259259258,2499,2857,2120,1402,2499,2858,2158,1447,0,0,-151,-183,5000,4900,5100,4900,-31.94,74.5,-184.62,-24.511952845001332,-29.65269823797813,52.787506932381966,-0.5577455097323245,-0.7239826534737404,0.4059175579382486
,73,0,-0.64453125,-0.6018518518518519,0.64453125,0.6018518518518519,1705,2024,2914,2235,1748,2067,2913,2237,-180,-178,21,-12,5100,5000,4800,4900,-33.37,17.0,-232.17000000000002,26.80073375179026,24.513580275773933,54.31061762766683,0.7007548233839958,0.5558039928602022,0.44724109720006927
,74,0,0.10546875,-0.10185185185185186,-0.10546875,0.10185185185185186,2194,2350,2425,1909,2194,2354,2436,1908,0,-17,-37,11,5000,5000,5000,5000,-48.74,37.27,-201.76,-4.981148716359627,6.384528764171179,69.57912567758322,-0.11605343763920498,0.14440228807115363,0.9826899708514064
,75,0,-0.26953125,0.39814814814814814,0.26953125,-0.39814814814814814,1949,2676,2670,1583,1965,2677,2669,1609,-43,0,19,-82,5000,5000,5000,4900,-43.92,62.160000000000004,-219.36,10.92299014273982,-19.64939128522967,64.9103063394756,0.3074495713348201,-0.5222434403940464,0.7954473898702702
,76,0,0.48046875,-0.43518518518518523,-0.48046875,0.43518518518518523,2438,2132,2181,2127,2439,2160,2213,2129,0,-94,-129,-10,4900,5000,5000,5000,-39.86,25.5,-183.49,-22.372522842164187,19.334394374516513,60.57794316136398,-0.5459273721584246,0.45925372713818996,0.7007491123347054
,77,0,-0.45703125,0.06481481481481477,0.45703125,-0.06481481481481477,1827,2458,2792,1801,1862,2458,2791,1802,-133,0,22,-3,5000,5000,5000,4900,-44.25,42.88,-229.05,21.889673082877493,-1.0658918822680121,65.2401778760124,0.6256229608485259,-0.05326981255727756,0.7783047204850018
,78,0,0.29296875,0.5648148148148147,-0.29296875,-0.5648148148148147,2316,2784,2303,1475,2317,2784,2322,1514,0,0,-62,-139,5000,4900,5100,4900,-39.63,71.02,-197.31,-11.6534253869211,-27.014441193307874,60.5322129549528,-0.2710381387549511,-0.7185023303715841,0.6405409655836656
,79,0,-0.08203125,-0.26851851851851855,0.08203125,0.26851851851851855,2072,2241,2547,2018,2076,2264,2547,2020,-16,-72,13,-6,5000,4900,4900,4900,-47.54,29.580000000000002,-208.94,2.706912738665494,13.569356463414103,68.395714508146,0.09481352171143373,0.32620933924308027,0.9405306284705821
,80,0,0.66796875,0.2314814814814815,-0.66796875,-0.2314814814814815,2560,2567,2059,1692,2561,2568,2109,1701,0,0,-235,-22,5100,5000,5000,4800,-36.4,53.14,-174.74,-32.950127111975604,-7.662377356618649,57.1439507315166,-0.8121645210495739,-0.20888911432980609,0.5447514375041379
,81,0,-0.69140625,0.7314814814814814,0.69140625,-0.7314814814814814,1674,2893,2945,1366,1725,2894,2944,1415,-236,0,19,-206,4900,4800,4700,4900,-29.16,73.52,-234.52,25.35335347096293,-32.04803178339618,50.25523458896213,0.6075460876425782,-0.7471454230495699,0.269557912527673
,82,0,0.05859375,-0.7438271604938271,-0.05859375,0.7438271604938271,2163,1931,2456,2328,2164,1991,2457,2329,0,-293,-21,-11,4800,5100,5000,5000,-34.86,7.3100000000000005,-205.72,1.057684232948077,35.969473031468176,55.64351771412189,0.06839258716164764,0.8805131115447468,0.46906195157902636
,83,0,-0.31640625,-0.24382716049382724,0.31640625,0.24382716049382724,1919,2257,2700,2002,1943,2263,2699,2002,-77,-21,21,10,4900,4900,5000,5000,-45.47,29.37,-221.56,15.32218982171429,12.921894147220165,66.38848341357496,0.45079718073835917,0.34367672477502037,0.8238132134690865
,84,0,0.43359375,0.25617283950617287,-0.43359375,-0.25617283950617287,2408,2583,2211,1676,2409,2584,2241,1690,0,0,-119,-32,4900,5000,5000,4900,-42.85,55.050000000000004,-185.9,-21.975668226354884,-10.302192111248473,63.654621221493684,-0.5592908164904105,-0.28894618179727827,0.7769838393520573
,85,0,-0.50390625,-0.5771604938271605,0.50390625,0.5771604938271605,1797,2040,2822,2219,1829,2079,2821,2221,-119,-152,20,-10,4900,5100,5000,4900,-36.85,16.21,-225.86,20.541651173617225,25.737258981307217,57.75693387914973,0.5574262476417943,0.6071489689482114,0.5662562211094141
,86,0,0.24609375,-0.07716049382716061,-0.24609375,0.07716049382716061,2285,2366,2334,1893,2285,2369,2353,1892,0,-16,-63,10,5000,5000,5000,5000,-47.5,39.33,-193.72,-13.135702641856852,4.867883360777988,68.30404254440174,-0.36261595369672306,0.10764464075512076,0.9257009784165275
,87,0,-0.12890625,0.4228395061728394,0.12890625,-0.4228395061728394,2041,2692,2578,1567,2047,2693,2577,1598,-21,0,20,-103,5000,5000,5000,5000,-44.34,64.47,-211.79,3.212477355945765,-21.44241746881518,65.29818476071425,0.09647719962610418,-0.5774946478173206,0.8106738442152023
,88,0,0.62109375,-0.4104938271604938,-0.62109375,0.4104938271604938,2530,2148,2089,2111,2530,2175,2132,2112,0,-89,-186,-10,5100,4900,5000,5000,-36.93,29.46,-176.6,-29.49970139747404,15.839697905745773,57.623451253794585,-0.7242135255737008,0.37524948931006535,0.5785348651106905
,89,0,-0.59765625,0.08950617283950613,0.59765625,-0.08950617283950613,1735,2474,2884,1785,1779,2474,2883,1785,-193,0,21,-9,5000,4800,5000,5000,-40.57,43.6,-235.71,28.50364233757537,-2.243905177027706,61.59544258037286,0.7705635875139683,-0.07922355074852429,0.6324202610641114
,90,0,0.15234375,0.5895061728395061,-0.15234375,-0.5895061728395061,2224,2800,2395,1459,2225,2800,2405,1502,0,0,-33,-169,4900,5000,4800,4900,-39.88,72.51,-205.21,-3.8732195858149225,-29.033088053679478,60.825577140812975,-0.07844992700638864,-0.7753236503038625,0.6266728382754326
,91,0,-0.22265625,-0.6882716049382716,0.22265625,0.6882716049382716,1980,1967,2639,2292,1989,2022,2639,2292,-23,-257,0,-6,5000,5100,5100,4800,-36.78,9.99,-211.38,6.514682264163525,32.91937452661748,57.59863193022749,0.2292041158779523,0.8064180935709934,0.5451195571853307
,92,0,0.52734375,-0.18827160493827166,-0.52734375,0.18827160493827166,2469,2293,2150,1966,2470,2298,2192,1966,0,-18,-183,10,4900,4900,4800,5000,-41.34,37.08,-179.79,-26.852288368380158,8.034554672206092,62.06862204436199,-0.6983701901810696,0.1987646121490929,0.6875839631809896
,93,0,-0.41015625,0.31172839506172845,0.41015625,-0.31172839506172845,1858,2619,2761,1640,1886,2620,2760,1657,-99,0,20,-46,5000,5000,5000,4900,-43.53,56.13,-226.45000000000002,18.40537518644544,-14.112393063603989,64.54062437961761,0.501087427249198,-0.37193483350907813,0.7813935435331893
,94,0,0.33984375,-0.5216049382716049,-0.33984375,0.5216049382716049,2347,2076,2272,2183,2347,2111,2293,2184,-2,-136,-75,-3,5000,5000,5000,4800,-40.25,18.94,-191.6,-13.840492090525174,25.333626711793915,60.992023608198615,-0.33258324569362707,0.617196215511321,0.713061860039082
,95,0,-0.03515625,-0.021604938271605034,0.03515625,0.021604938271605034,2102,2402,2517,1857,2107,2404,2518,1857,-20,-17,0,0,5000,5000,5000,5000,-49.06,41.02,-208.42000000000002,1.4091177110063882,2.194859218513322,69.94198113842941,0.044359297036739964,0.04234303518276433,0.9981178888978582
,96,0,0.71484375,0.47839506172839474,-0.71484375,-0.47839506172839474,2591,2728,2028,1531,2592,2729,2080,1558,0,0,-247,-88,5000,4900,5000,4800,-32.36,64.37,-175.67000000000002,-32.76021385841227,-18.94103103228504,53.137043667396185,-0.7774507286564967,-0.46763893970322523,0.42057601760528984
,97,0,-0.71484375,-0.3549382716049383,0.71484375,0.3549382716049383,1659,2185,2960,2074,1710,2204,2959,2075,-242,-57,21,-9,5000,4900,4900,5000,-35.65,29.11,-237.92000000000002,31.709721739809765,12.049947638635189,56.649997549767996,0.8285811870486796,0.27309670503111216,0.48874472495378557
,98,0,0.03515625,0.1450617283950617,-0.03515625,-0.1450617283950617,2148,2511,2471,1748,2149,2511,2475,1755,0,0,-26,-17,5000,5000,5000,4900,-48.7,50.86,-206.84,-0.8292458535786693,-7.51717655324272,69.5989217836974,-0.006763093546072896,-0.2202879030466306,0.9754114518176445
,99,0,-0.33984375,0.6450617283950615,0.33984375,-0.6450617283950615,1903,2837,2716,1422,1923,2838,2715,1471,-55,0,18,-201,4900,5000,5000,4700,-37.12,73.46000000000001,-221.09,11.919685266098156,-31.059724744153613,58.1476301541748,0.31223159903570635,-0.7789643621062146,0.5438069061092041
,100,0,0.41015625,-0.6327160493827161,-0.41015625,0.6327160493827161,2392,2004,2227,2255,2393,2052,2250,2255,0,-209,-82,-10,5000,5000,5000,4900,-36.64,15.6,-188.48,-16.71062158992325,28.86609704723891,57.3580024214296,-0.4031241618771967,0.6999005024506042,0.5896017272534053
,101,0,-0.52734375,-0.13271604938271608,0.52734375,0.13271604938271608,1781,2329,2838,1930,1819,2332,2837,1931,-156,-16,20,0,4900,5000,5000,5000,-42.410000000000004,37.1,-232.19,25.421242940436315,4.4839116540746815,63.40134807171296,0.7012216843252166,0.08838470221793959,0.7074434916273895
,102,0,0.22265625,0.3672839506172838,-0.22265625,-0.3672839506172838,2270,2655,2349,1604,2270,2656,2364,1627,0,0,-49,-66,5000,5000,5000,4900,-44.71,61.75,-198.83,-9.536176009552975,-17.8535677047948,65.59633696621994,-0.22871811832009784,-0.48866709040503,0.8419575387792401
,103,0,-0.15234375,-0.4660493827160494,0.15234375,0.4660493827160494,2026,2112,2593,2147,2031,2150,2592,2149,-19,-145,13,-10,5000,5000,4900,4800,-43.51,19.53,-210.52,4.980651037576109,23.47836507847491,64.34831257422371,0.1623273091535467,0.5775714687619845,0.8000381510747425
,104,0,0.59765625,0.033950617283950546,-0.59765625,-0.033950617283950546,2515,2438,2104,1821,2515,2438,2149,1821,0,-10,-202,4,5100,5000,5000,4700,-39.13,44.06,-176.23,-30.86427092244375,1.3042354280842687,59.85844131462676,-0.7848378939653217,0.005422323154765488,0.6196773988194849
,105,0,-0.62109375,0.5339506172839505,0.62109375,-0.5339506172839505,1720,2764,2899,1495,1762,2764,2898,1527,-179,0,21,-106,5000,4900,5000,4800,-35.13,65.59,-234.11,25.45033628875882,-24.09140312699286,56.2030539168464,0.6468459240541559,-0.5885301306072084,0.48499756277943074
,106,0,0.12890625,-0.29938271604938277,-0.12890625,0.29938271604938277,2209,2221,2410,2038,2209,2245,2419,2040,0,-76,-32,-10,5000,5000,5000,4900,-46.730000000000004,28.52,-201.76,-4.381239640187289,15.108828003122028,67.54705483984951,-0.09452645440373142,0.3619183742355323,0.9274048952903842
,107,0,-0.24609375,0.2006172839506173,0.24609375,-0.2006172839506173,1965,2547,2654,1712,1981,2547,2653,1723,-49,-7,21,-27,5000,5000,5000,5000,-47.04,52.03,-219.0,11.232020698992415,-9.509298236726949,68.00286403222913,0.3236672553095938,-0.2669569384943559,0.907729861153678
,108,0,0.50390625,0.7006172839506171,-0.50390625,-0.7006172839506171,2453,2873,2166,1386,2454,2874,2200,1433,0,0,-131,-192,5000,5000,5000,4700,-32.74,75.82000000000001,-188.8,-20.434422092370568,-31.249291635290746,53.611783879171206,-0.4654671398373574,-0.7783613049431205,0.42130039247414947
,109,0,-0.43359375,-0.7253086419753086,0.43359375,0.7253086419753086,1842,1943,2777,2316,1867,1997,2776,2316,-82,-251,22,0,4900,5100,4900,5000,-33.68,9.49,-220.69,15.852073562932247,32.78152623300623,54.54409078929872,0.4481314782691519,0.7639103490388018,0.4643480987532101
,110,0,0.31640625,-0.22530864197530875,-0.31640625,0.22530864197530875,2331,2269,2288,1990,2331,2276,2313,1990,0,-21,-92,10,4900,5000,5000,5000,-45.59,32.49,-190.64000000000001,-15.73805798044458,11.894533222987427,66.36135409649354,-0.41333756378063735,0.3026696569762424,0.8588033168972803
,111,0,-0.05859375,0.27469135802469125,0.05859375,-0.27469135802469125,2087,2595,2532,1664,2091,2597,2532,1683,-16,0,22,-51,5000,4900,5000,5000,-47.24,57.11,-208.77,0.6818201019320043,-13.88725106587566,68.16440779575552,0.026453970040971105,-0.3859889285169833,0.9221240342445165
,112,0,0.69140625,-0.558641975308642,-0.69140625,0.558641975308642,2576,2052,2043,2207,2577,2087,2092,2209,0,-135,-227,-11,5000,5000,5100,5000,-32.19,22.95,-175.16,-30.474396838208406,22.41841300691891,52.859862646934396,-0.7297044211811533,0.5274131731003834,0.43516296091103907
,113,0,-0.66796875,-0.058641975308642014,0.66796875,0.058641975308642014,1690,2378,2929,1881,1742,2379,2928,1880,-240,-14,22,11,5000,5000,5000,5000,-38.44,40.62,-238.19,31.18926080379444,0.5559642039895962,59.47038142757165,0.8296263031617893,-0.011889298790621342,0.5581924772660147
,114,0,0.08203125,0.441358024691358,-0.08203125,-0.441358024691358,2178,2704,2441,1555,2178,2705,2447,1587,-1,0,-26,-107,5000,5000,5000,4900,-43.96,65.66,-207.33,-1.3157441264959004,-22.330016577711802,64.89883775892342,-0.01753475730144771,-0.6235351074760058,0.7815986834886977
,115,0,-0.29296875,-0.39197530864197533,0.29296875,0.39197530864197533,1934,2160,2685,2099,1951,2188,2684,2100,-51,-98,22,-10,4900,5000,5000,5000,-43.97,23.67,-218.82,12.980180939615337,18.789386955640715,64.86037263902264,0.3737277627021946,0.45087806118144913,0.8105779008404249
,116,0,0.45703125,0.10802469135802473,-0.45703125,-0.10802469135802473,2423,2486,2196,1773,2424,2486,2230,1776,0,0,-140,-13,5000,5000,5000,5000,-43.25,47.33,-183.46,-23.89129216475311,-2.434106641358376,64.02288195133062,-0.6221118810778712,-0.10166090215493076,0.7763001149006724
,117,0,-0.48046875,0.6080246913580247,0.48046875,-0.6080246913580247,1812,2812,2807,1447,1842,2812,2806,1487,-114,-2,20,-154,5100,5100,5100,4900,-36.410000000000004,70.63,-227.14000000000001,18.150153252716194,-28.646207769743867,57.46082269792231,0.4701334251002368,-0.7017953282872631,0.535217600418459
,118,0,0.26953125,-0.6697530864197531,-0.26953125,0.6697530864197531,2301,1979,2318,2280,2301,2033,2332,2280,0,-245,-44,-2,5100,5000,5100,4800,-36.93,12.19,-195.77,-9.208701857924382,31.777526603953962,57.67593051224912,-0.2157806554323588,0.7793460085656922,0.5882673777066899
,119,0,-0.10546875,-0.16975308641975317,0.10546875,0.16975308641975317,2056,2305,2563,1954,2065,2311,2562,1954,-26,-20,17,9,5000,5000,5000,4900,-48.22,32.62,-211.26,4.8132649874525555,10.381777266503853,69.09501349102426,0.15465494989109616,0.27372251935061,0.9492933313125809
,120,0,0.64453125,0.33024691358024705,-0.64453125,-0.33024691358024705,2545,2631,2074,1628,2545,2632,2120,1646,0,0,-209,-46,4800,5100,4700,4800,-36.5,57.75,-176.71,-31.296069805683402,-12.394430556097063,57.2654700501762,-0.7756984701351017,-0.3166823048863854,0.5458976105479014
,121,0,-0.57421875,-0.5030864197530864,0.57421875,0.5030864197530864,1751,2088,2868,2171,1790,2118,2867,2173,-158,-110,22,-11,5000,5000,4900,5000,-37.15,19.97,-229.57,23.988092630040455,21.73649694272347,58.08502593646643,0.6474900330185238,0.5131325281325334,0.5634284921034668
,122,0,0.17578125,-0.0030864197530864335,-0.17578125,0.0030864197530864335,2240,2414,2379,1845,2241,2415,2394,1846,0,0,-47,0,5000,5000,5000,5000,-48.29,42.43,-197.44,-9.637133693794965,1.5263423314736997,69.12050985246321,-0.2538574859553416,0.014182081665102136,0.9671376558608797
,123,0,-0.19921875,0.49691358024691334,0.19921875,-0.49691358024691334,1995,2740,2624,1519,2005,2741,2623,1553,-27,-2,19,-128,4900,5000,5000,5000,-42.22,67.77,-215.1,6.302554072657955,-24.964170670434484,63.20314770335287,0.176087296314736,-0.6566573546617014,0.7333446547464997
,124,0,0.55078125,-0.3364197530864198,-0.55078125,0.3364197530864198,2484,2197,2135,2062,2485,2219,2173,2063,0,-64,-154,-10,5100,5000,5000,4900,-39.660000000000004,31.91,-179.22,-27.06414411916242,13.226401415167416,60.37273155896433,-0.6722534887992262,0.3021321579339141,0.6758634521406408
,125,0,-0.38671875,0.1635802469135803,0.38671875,-0.1635802469135803,1873,2523,2746,1736,1900,2523,2745,1741,-91,0,20,-15,4900,5000,4900,5000,-45.39,48.94,-225.82,18.25280491574108,-6.890988287501884,66.37927480103735,0.5059734748284613,-0.20106925391440852,0.8387860262905649
,126,0,0.36328125,0.6635802469135801,-0.36328125,-0.6635802469135801,2362,2849,2257,1410,2362,2850,2278,1457,0,0,-73,-186,4900,4800,5000,4900,-35.89,74.81,-195.08,-14.115891092923704,-30.656101357986913,56.7906659631657,-0.3245272741235201,-0.7855882695610745,0.5268141219424496
,127,0,-0.01171875,-0.6141975308641976,0.01171875,0.6141975308641976,2117,2016,2502,2243,2118,2066,2502,2244,0,-222,21,-6,5100,4800,5100,4700,-39.52,12.92,-204.62,-0.4407133702600561,30.459769021284327,60.312100619336725,0.026912285166619466,0.7791614988369304,0.6262452296323693
,128,0,0.73828125,-0.1141975308641976,-0.73828125,0.1141975308641976,2606,2342,2013,1917,2607,2343,2070,1916,0,-4,-289,11,4800,5100,5100,5000,-34.32,43.25,-170.42000000000002,-36.58309647022824,2.490453707725571,55.01734427500322,-0.8949070077151058,0.05729581594216402,0.44255919041176445
,129,0,-0.744140625,0.3858024691358024,0.744140625,-0.3858024691358024,1640,2668,2979,1591,1696,2669,2977,1611,-272,0,19,-58,5000,4900,4800,4900,-34.52,56.82,-240.57,32.49004265105273,-15.778796760651218,55.603295856512965,0.8092028638750499,-0.39292914554055663,0.4368036305723504
,130,0,0.005859375,-0.44753086419753085,-0.005859375,0.44753086419753085,2129,2124,2490,2135,2130,2159,2490,2137,0,-131,-1,-12,4900,4900,5000,5000,-44.01,20.02,-207.91,2.3411588499998857,23.166924741237963,64.83645795017843,0.09125159514463407,0.5885970304654151,0.8032600339310147
,131,0,-0.369140625,0.052469135802468925,0.369140625,-0.052469135802468925,1884,2450,2735,1809,1912,2450,2734,1811,-98,0,21,-12,5000,5000,5000,4900,-46.050000000000004,42.550000000000004,-225.52,18.38131600170371,-0.4934435665678123,67.02161929150432,0.5375602890534142,-0.03521227243660363,0.8424897812452447
,132,0,0.380859375,0.5524691358024689,-0.380859375,-0.5524691358024689,2373,2776,2246,1483,2374,2776,2270,1520,0,0,-87,-131,4900,5000,4900,4800,-38.75,70.23,-192.61,-16.28512841101906,-25.911800016271627,59.62666917839323,-0.3820788183436147,-0.6681136728584337,0.6384668328995331
,133,0,-0.556640625,-0.2808641975308642,0.556640625,0.2808641975308642,1762,2233,2857,2026,1799,2253,2856,2028,-147,-59,20,-10,5000,5000,5000,4900,-40.89,32.2,-232.6,26.168158999364096,9.340742340624303,61.87105003436668,0.7073009541705065,0.20969008215424004,0.6750966076611847
,134,0,0.193359375,0.21913580246913567,-0.193359375,-0.21913580246913567,2251,2559,2368,1700,2251,2559,2383,1712,0,-4,-52,-29,4900,5000,5000,4900,-47.09,54.4,-198.84,-9.041931473149475,-10.514201747743698,67.95778349043232,-0.21927890037870165,-0.3066222466712537,0.9262286767828881
,135,0,-0.181640625,0.7191358024691357,0.181640625,-0.7191358024691357,2007,2885,2612,1374,2013,2886,2610,1427,-18,0,20,-233,5000,5000,5000,4900,-35.52,77.85000000000001,-213.05,3.6097093869702803,-34.90208530912612,56.51843827564828,0.10316842082915083,-0.8758439465325998,0.4714378625713254
,136,0,0.568359375,-0.7067901234567902,-0.568359375,0.7067901234567902,2496,1955,2123,2304,2496,2009,2157,2304,0,-240,-129,0,5000,5100,4900,4900,-31.900000000000002,14.870000000000001,-181.5,-23.602503159298067,30.05160023033059,52.581240899583335,-0.5674839797727997,0.7120625263739486,0.4134354740889733
,137,0,-0.650390625,-0.20679012345679015,0.650390625,0.20679012345679015,1701,2281,2918,1978,1750,2286,2916,1979,-224,-19,21,4,5100,5000,5100,5000,-38.82,34.63,-236.65,30.054982727533513,6.637243853990185,59.82752434602649,0.8000830561889429,0.14323612301327351,0.5825379955534987
,138,0,0.099609375,0.29320987654320985,-0.099609375,-0.29320987654320985,2190,2607,2429,1652,2190,2608,2437,1670,0,0,-30,-50,5000,5000,4900,5000,-46.7,58.34,-205.03,-3.1299745674171504,-14.8637715918275,67.60877386850098,-0.06515035834492314,-0.4171328917738178,0.9065073532012523
,139,0,-0.275390625,-0.5401234567901234,0.275390625,0.5401234567901234,1945,2064,2674,2195,1959,2103,2673,2197,-35,-159,20,-12,5000,5000,5000,5000,-40.82,16.330000000000002,-215.67000000000002,10.34770240902651,26.316072787534182,61.676089803914735,0.3088594586116799,0.6363848362657283,0.7068381533258816
,140,0,0.474609375,-0.040123456790123524,-0.474609375,0.040123456790123524,2434,2390,2185,1869,2435,2392,2222,1868,0,-5,-152,11,5000,5000,5000,5000,-42.86,42.32,-182.07,-24.938295571746323,2.657091388662174,63.61326446530313,-0.6590805256800977,0.03410193900977144,0.7512988209926986
,141,0,-0.462890625,0.45987654320987637,0.462890625,-0.45987654320987637,1823,2716,2796,1543,1853,2717,2795,1571,-110,0,21,-98,5000,5000,4900,4900,-39.99,63.64,-227.54,19.00342488546201,-21.688891538993715,61.025114827657426,0.5077429287409325,-0.5463679708126091,0.6660924551319378
,142,0,0.287109375,-0.37345679012345684,-0.287109375,0.37345679012345684,2312,2173,2307,2086,2312,2200,2325,2087,0,-90,-61,-11,5000,5000,5000,5000,-44.13,26.45,-192.9,-13.068772329829812,17.764175347372976,64.89744991688994,-0.316716143340964,0.42464048069584487,0.8481576190199716
,143,0,-0.087890625,0.12654320987654322,0.087890625,-0.12654320987654322,2068,2498,2551,1761,2075,2498,2551,1768,-23,0,6,-19,5000,5000,5000,5000,-48.56,49.28,-210.95000000000002,3.378595129767234,-6.218349964807722,69.47553721396073,0.10278863987987634,-0.1895021059438991,0.9764852519902555
,144,0,0.662109375,0.6265432098765431,-0.662109375,-0.6265432098765431,2557,2824,2062,1435,2557,2825,2108,1476,0,0,-211,-159,5100,4900,5000,5000,-31.17,71.31,-179.83,-29.07209845332406,-26.14914672145899,51.9854478310737,-0.6690127380905088,-0.6383011767242586,0.3807802044028378
,145,0,-0.697265625,-0.6512345679012346,0.697265625,0.6512345679012346,1670,1991,2949,2268,1718,2039,2948,2268,-212,-211,22,0,5100,5000,4900,4900,-31.21,15.73,-233.81,28.533078491932088,25.66391162405389,52.15566531022051,0.7297788779664811,0.578485339056218,0.3643864730900377
,146,0,0.052734375,-0.15123456790123457,-0.052734375,0.15123456790123457,2159,2317,2460,1942,2161,2323,2466,1942,-12,-20,-28,10,5000,5000,5000,5000,-48.52,33.78,-204.61,-1.9012051538613548,9.673742475594686,69.36460105799559,-0.02413809161582037,0.23687783832485373,0.9712395390652557
,147,0,-0.322265625,0.3487654320987654,0.322265625,-0.3487654320987654,1915,2643,2704,1616,1937,2644,2703,1638,-63,0,20,-63,5000,5000,5000,4900,-44.36,58.78,-222.21,13.992325329651152,-16.46804018389716,65.35604918062774,0.3915378564131001,-0.44083041206544804,0.807692178242208
,148,0,0.427734375,-0.4845679012345679,-0.427734375,0.4845679012345679,2404,2100,2215,2159,2405,2132,2243,2160,0,-120,-108,-3,5000,5000,5000,4900,-39.910000000000004,22.2,-186.63,-19.01736333761596,22.41525616575484,60.63534805947658,-0.45972582990895927,0.5431597724717101,0.7025878043938696
,149,0,-0.509765625,0.015432098765432167,0.509765625,-0.015432098765432167,1793,2426,2826,1833,1832,2427,2825,1834,-163,0,20,0,5000,5000,5000,5000,-43.07,40.26,-231.62,24.636213240185896,1.3714445574143852,64.06646230395557,0.6894651650224067,0.005045381940854493,0.7243012704266758
,150,0,0.240234375,0.515432098765432,-0.240234375,-0.515432098765432,2282,2752,2337,1507,2282,2752,2352,1541,0,0,-50,-122,4900,5000,4900,5000,-41.24,69.24,-199.70000000000002,-9.156611879960906,-25.395075364312973,62.14967288439305,-0.21207489529872292,-0.6698318316380474,0.7115824310004106
,151,0,-0.134765625,-0.3179012345679013,0.134765625,0.3179012345679013,2037,2209,2582,2050,2042,2235,2581,2051,-19,-86,4,-11,5000,5000,5000,5000,-46.53,26.830000000000002,-211.61,5.561171294812993,16.130138552238513,67.3921691986483,0.1701066463286541,0.3900483346612984,0.9049453163052265
,152,0,0.615234375,0.18209876543209869,-0.615234375,-0.18209876543209869,2526,2535,2093,1724,2526,2535,2139,1730,0,0,-206,-16,5000,5000,5000,5000,-38.22,50.85,-176.59,-30.958691973239837,-5.497157910644674,58.96741195649086,-0.7745701868039334,-0.15964441544659363,0.6120087306004989
,153,0,-0.603515625,0.6820987654320985,0.603515625,-0.6820987654320985,1732,2861,2887,1398,1773,2862,2885,1443,-171,0,19,-176,4800,4800,5100,5000,-32.32,72.73,-231.23000000000002,22.10890379999799,-31.028930277594725,53.39669578615182,0.5545471802979914,-0.7419713967129324,0.37677031635123315
,154,0,0.146484375,-0.595679012345679,-0.146484375,0.595679012345679,2220,2028,2399,2231,2220,2074,2406,2232,0,-195,-27,0,5000,5000,4900,5000,-39.980000000000004,14.200000000000001,-201.24,-3.9015361148517798,29.411943240573343,60.75838199223277,-0.07246237734456801,0.7410036930501888,0.6675797561007636
,155,0,-0.228515625,-0.0956790123456791,0.228515625,0.0956790123456791,1976,2354,2643,1905,1993,2357,2642,1904,-51,-16,21,11,5000,5000,5000,4900,-47.88,36.97,-218.47,11.714990429080899,5.554498716042104,68.80215221903316,0.3674092475860738,0.14071885163432357,0.9193522989490764
,156,0,0.521484375,0.4043209876543208,-0.521484375,-0.4043209876543208,2465,2680,2154,1579,2466,2681,2192,1602,0,0,-154,-75,5000,4900,4900,5000,-39.25,61.95,-183.73,-24.588720876125592,-17.05040564442824,60.061228679600184,-0.6066911692200541,-0.46109042553742996,0.6475503414161057
,157,0,-0.416015625,-0.42901234567901236,0.416015625,0.42901234567901236,1854,2136,2765,2123,1880,2165,2764,2125,-84,-102,9,-11,5000,4900,5000,5000,-41.730000000000004,22.76,-223.93,18.150686510282128,19.346301071405485,62.64372679194513,0.501299045280861,0.46030067820414305,0.7326817541370225
,158,0,0.333984375,0.07098765432098753,-0.333984375,-0.07098765432098753,2343,2462,2276,1797,2343,2462,2302,1799,-4,0,-99,-11,5000,5000,5000,4900,-46.14,45.88,-189.48,-17.801231298252816,-1.3851291534456962,66.93935325620814,-0.4637234483325794,-0.07240855525650224,0.8830161745926328
,159,0,-0.041015625,0.5709876543209875,0.041015625,-0.5709876543209875,2098,2788,2521,1471,2100,2788,2521,1513,-12,0,20,-167,4800,4900,5100,4700,-40.410000000000004,72.12,-207.48000000000002,-1.584670589878641,-28.795546644119526,61.36596364318277,-0.025346941167794138,-0.7662706218677303,0.6420178086594472
,160,0,0.708984375,-0.26234567901234573,-0.708984375,0.26234567901234573,2587,2245,2032,2014,2588,2262,2085,2016,0,-48,-255,-9,5000,5000,5000,4900,-35.53,38.24,-172.44,-34.235636076598865,7.356261811058786,56.224796635089554,-0.8439213212327186,0.15746394630456306,0.5128371175948709
,161,0,-0.720703125,0.23765432098765427,0.720703125,-0.23765432098765427,1655,2571,2964,1688,1709,2572,2963,1696,-257,0,21,-20,4800,5000,4900,5000,-36.300000000000004,50.65,-239.87,32.19921892128977,-9.570573764500296,57.364173134539385,0.8369636188879431,-0.24686986947592246,0.48841290749010585
,162,0,0.029296875,0.7376543209876543,-0.029296875,-0.7376543209876543,2144,2897,2475,1362,2145,2898,2476,1418,0,0,-20,-258,4800,4900,5000,4700,-34.71,79.26,-211.70000000000002,2.17160698670844,-36.220143714001864,55.70524486218656,0.0752380520857466,-0.902450566474015,0.4241723831051144
,163,0,-0.345703125,-0.7376543209876543,0.345703125,0.7376543209876543,1900,1935,2719,2324,1917,1993,2719,2324,-48,-275,16,0,5000,4900,4900,5000,-34.38,8.5,-217.05,12.283800644391505,34.01674330688424,55.223330922984076,0.3653986658798408,0.8065355074400498,0.464741100196286
,164,0,0.404296875,-0.23765432098765427,-0.404296875,0.23765432098765427,2389,2261,2230,1998,2390,2269,2259,1998,0,-19,-113,10,5000,5000,5000,5000,-43.84,32.980000000000004,-185.83,-20.561643376706513,11.725024989738536,64.58850585599768,-0.5435665012679601,0.2990128506664774,0.7843001809483503
,165,0,-0.533203125,0.2623456790123455,0.533203125,-0.2623456790123455,1777,2587,2842,1672,1813,2588,2841,1685,-144,0,20,-31,5000,5000,5000,4900,-41.39,52.39,-232.09,24.295071242076062,-10.767389370909129,62.41948537706573,0.6670426088258498,-0.2789497728782041,0.6908264486989497
,166,0,0.216796875,-0.5709876543209876,-0.216796875,0.5709876543209876,2266,2044,2353,2215,2266,2085,2366,2216,0,-163,-41,-4,5000,4800,5000,4900,-40.160000000000004,15.450000000000001,-198.70000000000002,-6.520905386106875,28.336600844772082,60.928803095964,-0.1409563768596669,0.7007536735550202,0.6993393945873064
,167,0,-0.158203125,-0.07098765432098764,0.158203125,0.07098765432098764,2022,2370,2597,1889,2034,2372,2596,1888,-36,-15,21,10,5000,5000,5000,5000,-48.46,37.79,-214.97,8.16489015410562,4.97405940351058,69.36666815511333,0.24592894047210279,0.11077509506050173,0.9629370875361514
,168,0,0.591796875,0.42901234567901225,-0.591796875,-0.42901234567901225,2511,2696,2108,1563,2512,2697,2149,1589,0,0,-171,-79,4900,5100,5100,4800,-36.85,62.83,-180.35,-28.008745250952614,-17.707318600363266,57.64654471603193,-0.6815296483054498,-0.458681932072237,0.5702001610584911
,169,0,-0.626953125,-0.404320987654321,0.626953125,0.404320987654321,1716,2152,2903,2107,1760,2175,2902,2107,-190,-73,22,-2,4900,5000,4900,4900,-37.54,25.32,-233.71,27.755867545226266,16.12062004042386,58.50928859887534,0.735937973200924,0.36983466188356545,0.5671134123527541
,170,0,0.123046875,0.095679012345679,-0.123046875,-0.095679012345679,2205,2478,2414,1781,2205,2479,2425,1785,0,-5,-36,-15,5000,5000,5000,5000,-48.67,47.870000000000005,-201.33,-6.1248087905463535,-4.1624984181178775,69.53374670924882,-0.14733114406370695,-0.1335473355663047,0.9800299195187968
,171,0,-0.251953125,0.5956790123456788,0.251953125,-0.5956790123456788,1961,2804,2658,1455,1974,2804,2657,1499,-34,0,19,-179,5100,4900,4900,4600,-39.36,71.89,-217.06,7.993986390061252,-29.21512775851913,60.36342578899106,0.21741971730266663,-0.75109275652084,0.6233685407766061
,172,0,0.498046875,-0.6820987654320988,-0.498046875,0.6820987654320988,2450,1971,2169,2288,2451,2024,2201,2288,0,-241,-124,0,5000,5000,4700,5000,-33.97,14.72,-184.85,-20.26005510589971,29.98125791751318,54.66762364715411,-0.4893925948740981,0.7217868642387525,0.48940638603800984
,173,0,-0.439453125,-0.1820987654320988,0.439453125,0.1820987654320988,1839,2297,2780,1962,1871,2302,2779,1963,-119,-19,22,2,5000,5000,4900,4900,-44.24,34.03,-227.56,21.00007520767275,7.864378529012484,65.20035323741385,0.5847061334315503,0.17965431521448022,0.7911024361941645
,174,0,0.310546875,0.3179012345679011,-0.310546875,-0.3179012345679011,2327,2623,2292,1636,2327,2623,2314,1655,-3,0,-77,-52,5000,4900,4900,5000,-44.49,58.800000000000004,-193.29,-14.863450348367337,-14.537318296640677,65.34111552917443,-0.36651497875576167,-0.394896916073425,0.8424507083642112
,175,0,-0.064453125,-0.5154320987654322,0.064453125,0.5154320987654322,2083,2080,2536,2179,2085,2121,2537,2181,-14,-172,0,-10,5000,5000,5000,4800,-42.25,17.05,-205.8,0.4448222483685811,26.267414583120015,63.05840557926817,0.044980134281171216,0.6681596812315403,0.7426570055527749
,176,0,0.685546875,-0.015432098765432167,-0.685546875,0.015432098765432167,2572,2406,2047,1853,2573,2407,2100,1853,0,0,-254,6,5100,5000,5100,4800,-36.36,43.44,-172.48,-34.55048390950961,2.16779597416091,57.068119290693524,-0.8591993823867832,0.04864987391992529,0.509322698368868
,177,0,-0.673828125,0.4845679012345676,0.673828125,-0.4845679012345676,1686,2732,2933,1527,1735,2733,2932,1554,-223,-4,21,-89,5000,4900,4900,4800,-35.050000000000004,62.56,-236.36,27.899949377850618,-21.22027740521574,56.1266811239156,0.7093252364719043,-0.5260469433411064,0.4691826108303205
,178,0,0.076171875,-0.3487654320987654,-0.076171875,0.3487654320987654,2175,2189,2444,2070,2175,2216,2449,2071,0,-88,-26,-11,5000,5000,5000,4900,-46.02,25.37,-204.74,-1.1921596662288607,18.04864959711022,66.84404849904023,-0.0053559615538345574,0.44077136571807596,0.8976034296051103
,179,0,-0.298828125,0.15123456790123446,0.298828125,-0.15123456790123446,1930,2515,2689,1744,1952,2515,2688,1751,-69,0,19,-18,5000,4900,5000,5000,-46.82,48.56,-221.85,14.310615237722345,-6.240038912856065,67.788389932661,0.41207428314166117,-0.18859730705936587,0.8914178823331074
,180,0,0.451171875,0.6512345679012344,-0.451171875,-0.6512345679012344,2419,2841,2200,1418,2420,2842,2228,1463,0,0,-104,-179,5000,4800,5100,4700,-35.09,73.78,-190.67000000000002,-18.442456191947258,-29.333335858262373,55.96596851764425,-0.42696558008836544,-0.7450804589723434,0.5124017008923445
,181,0,0.0,0.0,-0.0,-0.0,2125,2416,2494,1843,2127,2421,2497,1844,-14,-18,-24,-3,5000,5000,5000,5000,-49.0,44.42,-206.43,-0.8053710893065897,-1.0633567037708502,69.88059419305588,-0.005621964721251534,-0.07473996339583931,0.9971872097977699
