DATE: 2026-4-25
TIME: 21-55-03
NUM_CABLES: 4
num_coils: 1
NUM_MEASUREMENTS: 36
---
,0,0,0.0,0.0,-0.0,-0.0,2302,2887,2487,2198,2302,2900,2488,2209,0,-39,0,-33,5000,4900,4900,5000,-41.230000000000004,46.410000000000004,-233.82,-21.610502277557075,1.6661815062634275,61.855515567795095,0.2057831904161377,0.1496295853946751,-0.9670906191855931
,1,0,0.0,0.0,-0.0,-0.0,2302,2887,2487,2198,2302,2897,2488,2206,0,-31,0,-24,5000,4900,4900,5000,-41.06,46.24,-234.15,-21.750399115831584,2.010149748983281,61.68576656885544,0.20651672853906977,0.15323853450879216,-0.966368869725799
,2,0,0.0,-0.25,-0.0,0.25,2302,2724,2487,2361,2302,2734,2488,2362,0,-34,0,-16,5000,4900,4900,4900,-37.910000000000004,43.29,-251.67000000000002,-23.134505747505614,19.72656001064263,58.55711569783644,0.2680218210800723,-0.4007700884410729,-0.8760979623511613
,3,0,-0.375,0.25,0.375,-0.25,2058,3050,2731,2035,2060,3052,2731,2043,-18,-18,0,-28,5000,5000,4900,4900,-37.39,53.1,-215.93,-16.523691181118835,-16.740401513039416,57.99859264625975,0.03067070175777315,0.6491433482673722,-0.7600475126292511
,4,0,0.375,-0.5833333333333334,-0.375,0.5833333333333334,2546,2507,2243,2578,2545,2522,2246,2578,0,-50,-19,0,4900,5000,4900,4900,-24.740000000000002,36.59,-266.67,-28.46234500102519,35.27778310971652,45.399893764180135,0.411953905883224,-0.8076257060286376,-0.4219415817258361
,5,0,-0.5625,-0.08333333333333337,0.5625,0.08333333333333337,1935,2833,2854,2252,1938,2836,2854,2258,-22,-19,0,-25,5000,4900,4900,4900,-40.57,54.85,-244.19,-12.28533861298574,11.249792487210186,61.221620312382115,-0.08865165727220524,-0.12449814028404788,-0.9882515351512009
,6,0,0.1875,0.4166666666666665,-0.1875,-0.4166666666666665,2424,3159,2365,1926,2425,3160,2366,1935,0,0,0,-30,5000,4900,4900,5000,-31.67,56.0,-206.88,-14.427338824917058,-26.003907500091145,52.269398669223875,-0.01883536755238146,0.8570542712007526,-0.514881738990337
,7,0,-0.1875,-0.4166666666666667,0.1875,0.4166666666666667,2180,2615,2609,2470,2180,2629,2610,2471,0,-43,0,-11,5000,4900,4900,4900,-32.65,42.58,-261.26,-22.98581516915472,29.348696967032964,53.310004921001536,0.2568811253640013,-0.6733849764617099,-0.693227784286945
,8,0,0.5625,0.08333333333333337,-0.5625,-0.08333333333333337,2669,2941,2120,2144,2668,2943,2127,2150,19,-17,-26,-25,5000,4900,4900,4900,-37.0,34.800000000000004,-226.04,-33.85706645952191,-5.050722512834483,57.59895990209044,0.5730798411071766,0.35478157160248225,-0.7387215525269634
,9,0,-0.65625,0.5833333333333333,0.65625,-0.5833333333333333,1874,3267,2915,1818,1878,3268,2915,1828,-24,6,0,-33,5000,4900,4900,4900,-25.89,63.21,-202.19,-7.65212504144327,-31.305690373397454,46.49218683715966,-0.15838512281071743,0.9442003270747097,-0.28879040015943186
,10,0,0.09375,-0.6944444444444444,-0.09375,0.6944444444444444,2363,2434,2426,2651,2363,2452,2427,2651,18,-60,0,14,4900,4900,4900,4900,-19.96,41.94,-272.54,-22.6071715954197,40.65780976719046,40.63543602429412,0.23152532463943695,-0.9225579641933743,-0.30867916475521945
,11,0,-0.28125,-0.19444444444444442,0.28125,0.19444444444444442,2119,2760,2670,2325,2119,2763,2671,2331,0,-17,8,-24,5000,4900,4900,4900,-38.81,44.95,-250.20000000000002,-21.612347530894013,18.11429497082682,59.45719114189072,0.22273067178821704,-0.341988709242729,-0.9129264869611693
,12,0,0.46875,0.3055555555555556,-0.46875,-0.3055555555555556,2608,3086,2181,1999,2609,3086,2186,2005,0,0,-23,-23,5000,4900,4900,4900,-34.56,43.74,-212.11,-26.1808087760958,-19.71371226418657,55.15071572934447,0.3187732481489153,0.7185410142530254,-0.6181281639763909
,13,0,-0.46875,-0.5277777777777778,0.46875,0.5277777777777778,1996,2543,2793,2542,1999,2556,2793,2542,-19,-41,0,0,5000,5000,4900,4900,-28.69,42.910000000000004,-265.54,-22.27278995316543,33.58794339518826,49.35661589856316,0.23581800296506714,-0.7861239887718402,-0.5713133498834239
,14,0,0.28125,-0.02777777777777779,-0.28125,0.02777777777777779,2485,2869,2304,2216,2486,2872,2306,2224,0,-19,-19,-23,5000,5000,4900,4900,-40.76,44.550000000000004,-237.54,-23.13346815113829,5.536749125472454,61.388416806249424,0.25960112697855364,0.060886161763154235,-0.9637946514570499
,15,0,-0.09375,0.4722222222222219,0.09375,-0.4722222222222219,2241,3195,2548,1890,2241,3196,2549,1900,-7,0,0,-31,5000,4900,4900,4900,-29.43,54.19,-203.88,-16.492377932290538,-28.8290798165456,50.0226866566692,0.05733288118133794,0.9062513341435453,-0.41883345150368695
,16,0,0.65625,-0.36111111111111116,-0.65625,0.36111111111111116,2730,2652,2059,2433,2729,2663,2066,2433,17,-32,-26,0,5000,4900,4900,5000,-31.36,29.05,-251.20000000000002,-37.35078142276485,20.52669941463668,51.987619304717036,0.6968574319159974,-0.3893004123629589,-0.60235779111544
,17,0,-0.703125,0.13888888888888884,0.703125,-0.13888888888888884,1844,2978,2945,2107,1850,2979,2945,2111,-26,-18,0,-17,5000,4900,4900,5000,-39.24,63.46,-228.01,-5.138419969669414,-5.626646473850684,59.8796956127791,-0.2926291639760962,0.3690168450447828,-0.8821534676369219
,18,0,0.046875,0.6388888888888888,-0.046875,-0.6388888888888888,2333,3303,2456,1782,2333,3304,2456,1794,18,10,0,-39,5000,4900,4900,4900,-21.57,62.27,-197.66,-8.982910434320544,-35.7290811317325,42.16442477840684,-0.11918508519383468,0.9843214243143376,-0.1300240327906027
,19,0,-0.328125,-0.6388888888888888,0.328125,0.6388888888888888,2088,2471,2701,2614,2089,2488,2701,2614,-7,-57,0,0,5000,4900,4900,5000,-23.29,41.68,-270.21,-23.07706900235914,38.355555557687666,43.961728552286544,0.24854315431568874,-0.8781302012070251,-0.4087953646641772
,20,0,0.421875,-0.13888888888888895,-0.421875,0.13888888888888895,2577,2796,2212,2289,2577,2798,2216,2295,18,-17,-20,-22,5000,4900,4900,4900,-38.56,38.52,-244.23000000000002,-28.544864933223906,12.73682740716859,59.19008616590396,0.43711650992704254,-0.170538430408859,-0.883088784043193
,21,0,-0.515625,0.36111111111111116,0.515625,-0.36111111111111116,1966,3122,2823,1963,1969,3123,2823,1971,-21,-1,0,-26,5000,4900,4900,4900,-34.45,57.09,-211.66,-12.922802345960761,-21.342735810253316,55.05772226259394,-0.06004428551556207,0.7660335326303312,-0.6399900863785477
,22,0,0.234375,-0.4722222222222222,-0.234375,0.4722222222222222,2455,2579,2334,2506,2455,2591,2335,2506,6,-37,0,-3,5000,5000,4900,4900,-30.27,42.2,-263.9,-23.127358928345743,32.015097314069436,50.9333108823088,0.26290091239752594,-0.7346125938902186,-0.6254817720433055
,23,0,-0.140625,0.02777777777777768,0.140625,-0.02777777777777768,2210,2905,2579,2180,2210,2908,2580,2188,0,-18,0,-27,5000,4900,4900,4900,-40.94,47.11,-234.20000000000002,-20.87921422684444,1.9831522036975002,61.56698937513127,0.18693542707952768,0.183810765786773,-0.9650226673417964
,24,0,0.609375,0.5277777777777777,-0.609375,-0.5277777777777777,2699,3231,2090,1854,2698,3232,2097,1865,18,1,-27,-32,5000,4900,4900,5000,-25.76,45.09,-201.73000000000002,-25.741577431533308,-30.16083089697557,46.33756146436154,0.29610929130989877,0.9157064656219409,-0.27166331445030006
,25,0,-0.609375,-0.3055555555555556,0.609375,0.3055555555555556,1905,2688,2884,2397,1909,2697,2884,2398,-22,-30,0,-7,5000,5000,4900,5000,-37.1,51.24,-254.47,-14.966827248741481,21.813396485196506,57.76166521584683,0.0010631215115538158,-0.4631677182952041,-0.8862700121869558
,26,0,0.140625,0.19444444444444442,-0.140625,-0.19444444444444442,2394,3014,2395,2071,2395,3016,2396,2079,0,-17,0,-25,5000,4900,4900,4900,-39.1,52.89,-220.15,-16.36204761751958,-12.52062625371289,59.71439220306199,0.019086500993770815,0.5474728567946058,-0.8366057473822234
,27,0,-0.234375,0.6944444444444444,0.234375,-0.6944444444444444,2149,3340,2640,1745,2149,3341,2641,1759,0,0,0,-44,5000,4900,4900,4900,-17.96,59.050000000000004,-194.56,-12.459287272792878,-38.527327568552494,38.54570664130949,-0.03402487580556303,0.9993755246624815,-0.009532498728331172
,28,0,0.515625,-0.7314814814814815,-0.515625,0.7314814814814815,2638,2410,2151,2675,2638,2427,2154,2676,7,-57,-20,0,5000,4900,4900,4900,-17.51,34.84,-270.6,-29.847399776709103,39.35670817730059,38.173255987081454,0.4312866285070061,-0.8715839600118922,-0.23309492641635957
,29,0,-0.421875,-0.2314814814814815,0.421875,0.2314814814814815,2027,2736,2762,2349,2030,2738,2762,2353,-19,-18,0,-20,5000,5000,4900,5000,-37.61,45.53,-252.61,-20.81970554058192,20.465120598255965,58.261432995518135,0.19856696177029995,-0.42417443076055766,-0.8835424234196508
,30,0,0.328125,0.2685185185185184,-0.328125,-0.2685185185185184,2516,3062,2273,2023,2515,3064,2275,2030,2,-17,-19,-26,5000,4900,4900,5000,-36.6,48.88,-214.4,-20.861342789023155,-17.89006213858127,57.200808856926,0.15749573603967457,0.6761633843950932,-0.7197208978018453
,31,0,-0.046875,-0.5648148148148149,0.046875,0.5648148148148149,2271,2519,2518,2566,2271,2534,2519,2566,0,-46,0,0,4900,5000,4900,5000,-24.93,38.92,-267.13,-26.101065204156562,35.52961852838533,45.5936375197025,0.3339984767553228,-0.8232570587039415,-0.4590128896003458
,32,0,0.703125,-0.06481481481481488,-0.703125,0.06481481481481488,2760,2845,2029,2240,2760,2847,2037,2245,20,-17,-28,-20,5000,4900,4900,4900,-34.76,29.01,-235.92000000000002,-38.74716711726964,5.3056699667627925,55.365543155122495,0.7256755470113095,0.05982560689582911,-0.6854311761434428
,33,0,-0.7265625,0.4351851851851851,0.7265625,-0.4351851851851851,1828,3171,2961,1914,1828,3172,2961,1923,0,-3,0,-29,4900,4900,4900,4900,-29.91,47.47,-204.92000000000002,-23.094725850834323,-27.199343317101324,50.49529738959801,0.2422997503854947,0.8732549380021972,-0.4227489139168845
,34,0,0.0234375,-0.39814814814814814,-0.0234375,0.39814814814814814,2317,2627,2472,2458,2317,2638,2473,2458,19,-35,0,0,5000,4900,4900,5000,-32.49,38.42,-258.77,-27.349531411803873,27.23666252174624,53.14091602260086,0.38835151163649306,-0.6118872535126499,-0.689040704456854
,35,0,-0.3515625,0.10185185185185197,0.3515625,-0.10185185185185197,2073,2953,2716,2132,2075,2955,2716,2139,-18,-19,0,-26,5000,4900,4900,4900,-40.38,46.79,-226.8,-21.85173586773729,-5.358786501573235,60.995904700111524,0.19454740467313258,0.3626978879532486,-0.9113734412463431
