DATE: 2026-5-14
TIME: 16-23-23
NUM_CABLES: 4
num_coils: 1
NUM_MEASUREMENTS: 8
---
,0,0,0.0,0.0,-0.0,-0.0,2116,2390,2513,1858,2118,2393,2514,1860,-16,-11,0,-18,5000,5000,5000,5000,-44.93,42.68,-208.29,1.1874001367420135,0.5356069305478499,65.81558765717442,0.04889533342790321,0.012487556874161107,0.9987258419067208
,1,0,0.0,0.0,-0.0,-0.0,2116,2390,2513,1858,2118,2393,2514,1860,-14,-8,0,-17,5000,5000,5000,5000,-44.95,42.64,-208.24,1.1401160117873417,0.5789447690403264,65.8352356413476,0.04871606847312956,0.012430175013190999,0.9987353180005515
,2,0,0.0,-0.25,-0.0,0.25,2116,2227,2513,2021,2117,2254,2513,2022,0,-85,14,0,5000,5000,5000,4900,-42.95,30.09,-207.38,1.1382599352470493,13.15260283906197,63.79925447906744,0.047691963821751844,0.37985010257776963,0.9238178262831275
,3,0,-0.375,0.25,0.375,-0.25,1872,2553,2757,1695,1898,2553,2755,1714,-88,0,14,-59,5000,4900,5000,4900,-40.43,52.45,-225.14000000000001,17.361571748690636,-10.361303010947424,61.42481023236938,0.5100908746044854,-0.2917689235122005,0.8091218665428362
,4,0,0.375,-0.5833333333333334,-0.375,0.5833333333333334,2360,2010,2269,2238,2360,2054,2293,2239,0,-177,-82,0,5000,5000,4900,5000,-34.53,17.75,-194.19,-11.148518215608732,26.329898702163394,55.28209201684197,-0.2895605365787338,0.721587903154271,0.628860551853635
,5,0,-0.5625,-0.08333333333333337,0.5625,0.08333333333333337,1749,2336,2880,1912,1791,2337,2878,1913,-184,0,15,-1,5000,5000,5000,5000,-36.67,39.69,-233.65,26.730934660554993,1.7849520808786679,57.67530014836249,0.7455907404692961,0.04838358744602219,0.6646453762663973
,6,0,0.1875,0.4166666666666665,-0.1875,-0.4166666666666665,2238,2662,2391,1586,2238,2663,2404,1615,8,0,-37,-110,5000,4900,5000,5000,-40.300000000000004,63.36,-203.63,-4.834453599032685,-19.79620331887527,61.214536737396486,-0.12832725285569732,-0.5560031222255435,0.82121412813587
,7,0,-0.1875,-0.4166666666666667,0.1875,0.4166666666666667,1994,2118,2635,2130,2002,2152,2634,2131,-25,-119,14,-3,5000,4900,5000,4900,-39.45,23.3,-214.44,8.657002308133627,19.4410014075954,60.3175513651551,0.264038727891197,0.5479645293573815,0.7937369997295969
